   5.1053957e-01   6.0537993e+00   9.4813137e-01
  -3.2867626e+00   5.3583678e+00  -8.5692072e-01
   3.0960438e+00   3.2713253e+00  -4.3409658e+00
   3.6831181e+00   6.6146378e+00  -4.0222622e+00
   6.2998828e+00   2.1773529e+00   1.8712281e+00
   5.8141907e+00   6.3929414e+00  -1.5628946e+00
   5.6048992e-01   3.3459784e+00   6.2042474e-01
   4.2850928e+00   1.1432644e-01  -3.5844077e+00
  -4.9045639e-01   5.5603807e+00  -4.5795091e+00
   2.1171058e-01   2.4800575e+00  -4.7521961e+00
  -5.4817212e+00  -1.0232851e-01   6.5614494e+00
   2.6469973e+00   2.2008976e+00  -4.5243083e+00
   6.0317151e+00   3.9478401e+00   3.0259138e+00
   5.8614123e-01   6.0841957e-01   7.7564413e+00
  -2.0541413e+00   6.8504804e-01  -3.6651903e+00
   9.4538424e-01  -1.3886873e+00  -4.8143462e+00
   1.1527484e+00   1.5606483e+00  -4.8113788e+00
  -3.1079016e+00   1.3216292e+00  -2.0548399e+00
   5.2321758e+00   6.0906250e+00  -2.5655000e+00
  -3.1864127e+00   1.1031418e+01  -1.7846203e+00
  -3.7892504e+00   7.3688460e+00   7.4142671e+00
  -1.8718879e+00   4.9924229e+00   1.5705800e+00
  -2.8273222e+00   5.8335715e+00   6.7580549e-01
  -3.2765678e+00   4.1755973e+00  -6.8183599e-01
  -2.9118608e+00   4.0540250e+00   5.3360914e-01
   6.3408392e+00   7.5333890e+00   1.4954201e+00
  -1.1486074e+00   2.2676569e+00   7.9151846e+00
   2.7643230e+00   2.9448862e+00   6.9452830e+00
   5.3586021e+00  -6.1885203e+00  -2.3832888e+00
   2.9259363e+00   4.8866561e+00   6.8518050e+00
  -3.2872028e+00   5.5616122e+00  -1.0479759e+00
  -3.0842017e+00   3.1090630e+00   1.6375970e-01
   4.0504987e-01   5.6426243e+00  -4.7797974e+00
   5.4347684e+00   2.6420461e+00  -2.2658321e+00
   5.2774525e+00   8.3511859e+00  -2.5019518e+00
  -3.2729576e+00   1.0377940e+01  -1.2803983e+00
   5.0779540e+00   9.9761361e+00  -2.7691650e+00
   6.0999522e+00   6.4108852e+00  -8.0203529e-01
   5.0288567e+00   6.6095354e+00   4.9572295e+00
  -3.1821676e+00   3.6504067e+00  -1.3883756e-01
   6.2566599e+00   1.0322455e+01   2.1412700e+00
   3.1813944e+00   7.0751394e+00  -4.3004567e+00
  -1.7270920e+00   3.6605165e+00   1.6403670e+00
  -3.2880514e+00   4.3027110e+00  -1.0059790e+00
   4.8503489e+00   2.4240345e+00   5.1880127e+00
   1.3380990e+00   6.0959843e+00  -4.8012144e+00
  -1.7522636e+00   7.6126148e+00   1.6291324e+00
  -1.6216952e+00   4.5771779e+00   1.6834635e+00
  -1.5768572e+00   5.5984897e+00  -4.0440510e+00
   5.1187760e-01   1.0996328e+01   3.7836825e-01
  -1.7944490e-01   4.2830894e+00  -4.6705414e+00
  -1.5748275e-01   1.3978615e+00   2.5334922e-02
  -2.6488209e+00   4.0255075e+00  -2.9777588e+00
  -7.3006600e-01   6.3423490e+00   7.9123802e+00
  -3.1795046e+00   1.3633257e+01  -1.8119864e+00
   3.3555658e+00   4.3141154e+00  -4.2118430e+00
  -2.4275728e+00   5.0764150e+00  -3.2718151e+00
  -1.5064501e+00   1.0037036e+01  -4.0910147e+00
   6.0907081e+00   5.0417778e+00  -8.3251374e-01
  -1.2987268e-01   8.4434672e+00   1.7110653e-02
  -3.7590108e+00   4.2008382e+00   7.4253395e+00
  -3.0107431e+00   4.0367775e-01   3.3831774e-01
   8.2369952e-01   1.6148995e+00   7.7035499e+00
   4.8110259e+00   7.9265209e+00  -3.0818321e+00
   3.9839168e+00   5.7771500e+00  -3.8192330e+00
   5.8107241e+00   1.5137469e+00  -1.5704956e+00
   6.2313863e+00   2.6755453e+00  -2.8296107e-01
   2.4752725e+00   1.9653718e+00   7.0993566e+00
  -1.8174142e+00   4.1538990e+00  -3.8673229e+00
   1.8643113e+00   5.6806270e+00  -4.7336821e+00
   3.0251994e-01   7.4364555e+00   1.3092151e+00
   3.4349895e+00   2.1514595e+00   6.5195041e+00
  -3.1854994e+00   6.3648198e+00   7.6106141e+00
   4.6989052e+00   6.7492051e+00   5.3693149e+00
  -3.2851662e+00   4.1557379e+00  -8.1463940e-01
  -2.9095199e+00   4.9179221e+00  -2.5336041e+00
   5.5790085e-01  -4.0671385e-01   7.2586500e-01
   5.6854410e+00   3.2647019e+00  -1.8280310e+00
   6.1589711e+00   8.5588760e+00  -5.9200982e-01
   5.2392416e+00   1.7059324e+00   4.6570291e+00
   5.1565763e+00   4.7334680e+00  -2.6676968e+00
   4.2070574e-01   4.0273085e+00  -4.7816742e+00
  -2.8786142e+00   2.5032952e+00   5.9182885e-01
   4.7508407e+00   8.9378281e+00   5.3085215e+00
  -1.2552663e-01   1.7758924e+00  -4.6839142e+00
  -1.6810502e-01   7.4130663e+00  -4.6734115e+00
   3.5408557e+00   6.2691077e+00   6.4425156e+00
  -8.7463980e+00   3.8987830e+00   2.6285404e+00
   5.7293687e+00   5.6875308e+00  -1.7412860e+00
   5.4790151e+00   4.1870050e+00  -2.1946293e+00
  -6.0461772e-01   1.4590051e+00  -4.5399055e+00
   5.3018637e+00   8.1283613e+00   4.5607463e+00
  -7.9691989e+00   4.0142848e+00   4.0776454e+00
   6.1216499e+00   1.0552186e+00   2.7295396e+00
  -1.7632581e+00   4.9916386e+00   7.8792541e+00
  -2.2917989e+00   6.8452279e+00   1.2887882e+00
   4.8941509e+00   3.0309721e+00   5.1331941e+00
   3.1268671e-01   6.5985258e+00   7.8076957e+00
  -3.2862850e+00   8.7798372e+00  -8.4265047e-01
   6.0142696e+00   5.2551122e+00   3.0782089e+00
   6.2653841e+00   5.2278447e+00  -1.0593099e-01
   7.3535228e-01   3.1135752e+00  -4.8082430e+00
  -9.2197445e-01   8.3928505e+00   1.8195406e+00
   2.2544047e+00   2.3920150e+00   7.2063950e+00
   4.9523080e+00   5.0988711e+00  -2.9220743e+00
   5.3105657e+00   4.1299995e+00  -2.4542946e+00
   4.2941465e+00   4.6587090e+00  -3.5768105e+00
  -1.9252470e+00   9.6594014e+00   1.5416130e+00
  -2.6727534e+00   8.2236551e+00  -2.9422016e+00
   5.3456708e+00   7.0323848e+00  -2.4026279e+00
  -4.8448907e+00   6.4941256e+00   6.9395493e+00
  -3.1830399e+00   1.3009649e+00  -1.4211600e-01
  -3.2438568e+00   3.7891835e+00  -4.2333877e-01
  -3.5146153e-01   6.8444069e+00  -4.6231731e+00
   4.3224356e+00   3.8899229e+00   5.7722028e+00
  -9.1456963e+00   4.6103229e+00   1.4787652e+00
  -2.9378055e-01   4.2017547e+00   1.7154340e+00
   2.9074427e+00   5.2672118e+00  -4.4239395e+00
  -6.0815846e-01   1.8039002e+00   1.7970057e+00
  -3.1335544e+00   4.1379382e+00   2.4879277e-02
  -1.5001353e+00   7.7218896e-01  -4.0951287e+00
   1.2888586e+00   1.1971593e+01  -4.8046051e+00
  -1.7484492e+00   2.4419953e+00   7.8806802e+00
  -1.7322465e+00   1.1877487e+00   1.6380965e+00
   6.3576218e+00   6.1142676e+00   7.8086072e-01
  -3.2026646e+00   6.0452279e+00  -1.7162383e+00
   5.1881734e+00   6.0695188e+00  -2.6255579e+00
  -1.8043920e+00   6.1285111e+00   1.6046793e+00
  -3.2842695e+00   2.9141453e+00  -7.9562366e-01
   4.0071862e+00   7.9203154e+00  -3.8022706e+00
   6.3510602e+00   3.9201287e+00   1.3442944e+00
  -2.0912641e+00   4.6933931e+00   1.4394186e+00
  -2.9235365e+00   6.5257055e+00  -2.5052136e+00
   2.4906798e+00   2.0482164e+00  -4.5769480e+00
   5.8536555e+00   4.1357637e+00   3.5047994e+00
  -2.1886203e+00   6.7574300e+00  -3.5354769e+00
  -4.1844644e+00   1.2247892e+00   7.2570494e+00
   4.8927093e+00   3.6001157e+00   5.1350162e+00
   4.1120512e+00   2.9244171e+00  -3.7234447e+00
  -1.5425874e+00   2.0031961e+00   1.7117401e+00
  -2.5417339e+00   2.9078428e+00  -3.1272642e+00
  -5.2158647e-01   7.3633922e+00   1.7808974e+00
  -2.0196845e+00   4.2020728e+00  -3.6965771e+00
   5.2619837e+00   3.7682926e+00   4.6224646e+00
   6.1503956e+00   8.0027040e+00   2.6227629e+00
   2.1722903e+00  -8.1734136e-01  -4.6672362e+00
  -1.9418145e+00   3.5723655e+00   1.5322479e+00
   5.8798543e+00   1.2388137e+00  -1.4132367e+00
   4.8540462e+00   6.4928398e-01  -3.0344623e+00
   1.4465278e+00   7.4340299e+00  -4.7919868e+00
   5.4963565e+00   3.1158461e+00  -2.1660860e+00
  -3.2229678e+00   6.2546014e+00  -3.1170190e-01
  -2.8392372e+00   2.4596441e+00   6.5688188e-01
   3.3314769e+00   1.8012864e+00  -4.2245851e+00
   5.9071486e+00   3.3486867e+00  -1.3475478e+00
  -7.4021644e-01   6.5625390e+00   1.8131208e+00
  -1.9695037e+00   5.9665420e+00   1.5161954e+00
  -1.7790644e+00   4.0719601e+00  -3.8972941e+00
   3.2510348e+00   9.1956815e+00   6.6465770e+00
   3.9661531e+00   1.2171370e+01  -3.8320555e+00
   4.4608156e+00   6.4126618e+00  -3.4308381e+00
   3.5857338e+00   1.0743120e+01  -4.0818916e+00
   4.5370564e+00   3.4199569e+00  -3.3599986e+00
   4.4553072e-01   6.6988485e+00  -4.7845412e+00
  -3.2781123e+00   3.7641888e+00  -7.0056476e-01
  -1.6359596e+00   3.4443657e+00  -4.0030318e+00
   8.7695706e-02   4.3595960e+00  -1.1003195e+01
   6.0765298e+00   4.3202846e+00  -8.7817969e-01
  -1.7868063e+00   2.5840333e+00  -3.8913014e+00
  -3.2221672e+00   6.0171790e+00  -3.0782712e-01
  -2.4465988e+00   2.8269957e+00   1.1484258e+00
   4.8024528e+00   4.9752751e+00  -3.0911439e+00
   8.2634415e-01   2.5574416e+00  -4.8120188e+00
   5.5565101e+00   3.7609629e+00  -2.0641090e+00
  -3.6531138e+00  -1.1164339e+00   7.4630665e+00
   5.0742496e+00   1.3348032e+00   4.8952393e+00
   7.8478460e-01   5.6656686e+00   7.7127554e+00
   8.6442107e-01   1.0719364e+01   7.6936877e+00
  -3.1691572e+00   6.5133837e+00  -1.8513619e+00
  -5.4560023e+00   5.9928675e+00   6.5782168e+00
  -7.9312207e+00   1.5466968e+00   4.1346080e+00
   6.3588286e+00  -2.4300555e+00   8.2187265e-01
  -6.2802418e-01   2.5029074e+00   1.8000707e+00
  -2.9093055e+00   4.5968173e+00   5.3819964e-01
  -2.7969828e+00   9.9288729e+00  -2.7424237e+00
  -1.7454734e+00   4.7425257e+00  -3.9229628e+00
  -9.2795467e+00   1.6062578e+00   9.2446130e-01
  -2.6603947e+00   5.3636498e+00   9.1043653e-01
  -2.4763528e+00   3.4068442e+00  -3.2117389e+00
   5.7816531e-01   6.2358592e+00   7.7580810e+00
   6.1239602e+00   1.5757956e-01  -7.2004011e-01
  -2.9058072e+00   6.5127644e+00  -2.5410242e+00
   1.9956768e+00  -4.0470993e-01  -4.7078085e+00
   5.8481232e+00   4.6189120e+00   3.5180682e+00
   6.3361158e+00   5.8441190e+00   1.5517327e+00
  -3.2033206e+00   2.9215508e+00  -1.7133451e+00
  -2.8059244e+00   8.5289348e+00   7.0896567e-01
   6.0494293e+00   5.1018881e+00   2.9712842e+00
   4.3181718e+00   2.2836845e+00   5.7764219e+00
   6.3608208e+00   1.1623604e+01   1.0364426e+00
   2.2917896e-01   5.3700178e+00   1.3884192e+00
   6.2795208e+00   2.4957069e+00   2.0075138e+00
  -2.9052887e+00   4.3253747e+00  -2.5420572e+00
  -1.7773640e+00   9.5687612e+00   1.6175594e+00
  -2.7195063e+00   1.0144621e+01   8.3321968e-01
   4.5062577e+00   5.9961112e+00  -3.3889362e+00
   5.5307646e+00   4.9693798e+00  -2.1083344e+00
   4.9514565e+00   1.9544128e+00   5.0597405e+00
   3.6097149e+00   3.1950967e+00   6.3908552e+00
   5.5839758e-01   3.8122805e+00   7.1986331e-01
   5.9108519e+00   5.5156027e+00  -1.3384622e+00
   2.9162122e+00   3.4356148e+00   6.8575844e+00
  -1.9101656e+00   7.9495044e-01  -3.7917694e+00
   5.8585172e+00   4.4283675e+00  -9.9291077e+00
   6.3512781e+00   8.5161807e+00   6.3693355e-01
   3.3742060e+00   2.3876450e+00  -4.2018739e+00
  -3.0118620e+00   3.8394321e+00  -2.3103878e+00
   8.3634082e-01   4.1348221e+00  -4.8123279e+00
   2.1164905e+00   4.6090963e-01  -4.6807776e+00
   6.5166495e-01  -4.0372470e-01  -4.8032330e+00
   6.3024944e+00   4.8215706e+00   1.3018777e-01
  -2.5002794e+00   6.9167325e+00   1.0939922e+00
  -2.3713359e+00   5.4423386e+00  -3.3382170e+00
  -7.1394921e-02   7.4504018e+00  -4.6966463e+00
   4.6206827e+00   7.2102999e+00   5.4583187e+00
   5.4671423e+00   5.9808713e+00  -2.2139611e+00
   3.9474433e+00   3.9927285e+00  -3.8454437e+00
  -1.4679742e+00   1.6328649e-01   7.9024595e+00
  -2.7198883e+00   4.1203107e+00  -2.8695753e+00
   5.0380221e+00   7.6363741e+00   4.9448276e+00
   5.6233583e+00   3.1070289e+00  -1.9449202e+00
   6.1301261e+00   5.9193852e+00  -6.9826645e-01
  -2.1356051e-01   3.1287500e+00  -4.6617203e+00
   5.2112120e+00   2.9885680e+00  -2.5943169e+00
   3.5339520e-01   3.9215413e+00  -4.7732268e+00
  -1.2462632e+00   1.3247469e+00   7.9126572e+00
  -8.5079902e-01   5.0415600e+00  -4.4424261e+00
   6.0162976e+00   3.9781890e+00   3.0722027e+00
   4.0938992e+00   1.2527253e+01   5.9887901e+00
  -2.3198087e+00   9.7716114e+00   1.2650795e+00
   6.3574709e+00   7.3982944e+00   7.7629492e-01
  -1.5808926e+00   5.3767221e+00  -4.0412974e+00
   5.8654531e+00   5.7223780e+00   3.4762341e+00
  -3.1262011e+00   6.4480698e+00  -1.9984416e+00
  -2.4224930e+00   1.1132206e+01   1.1718476e+00
  -8.8023998e-01   4.1162174e+00   1.8196318e+00
  -3.1253019e+00   6.8294937e+00  -2.0012882e+00
  -3.2388872e-01   3.8029126e+00   1.7261521e+00
   5.9872182e+00   8.1681369e+00   3.1565944e+00
  -1.7793160e+00   4.3988745e+00  -3.8970998e+00
  -1.8128573e+00   6.8157533e+00   1.6005550e+00
   4.3289023e-01   6.8491151e+00   7.7864192e+00
  -3.2012838e+00   6.0108128e+00  -1.7222920e+00
   1.0566627e+00   8.2715016e-01  -4.8138597e+00
  -2.4810609e+00   6.5378973e+00  -3.2058116e+00
  -1.6197324e+00   3.1226088e+00  -4.0144427e+00
  -2.0643208e-01   5.7620124e+00   7.8774766e+00
   2.7528110e+00   6.3138012e+00  -4.4854710e+00
   5.0369832e+00   1.6715422e+00   4.9462362e+00
  -2.4397736e+00   1.0074624e+01   1.1551198e+00
  -3.2449743e+00   4.6124907e+00  -4.3001632e-01
  -3.2092120e+00   5.8076313e+00  -1.6868336e+00
   5.7838138e+00   3.1325526e+00   3.6668179e+00
   1.4500412e+00   5.0738396e+00  -4.7916472e+00
   1.6630598e+00   7.6752777e+00   7.4510424e+00
  -7.9880776e-01   7.9080092e+00   7.9143621e+00
   1.3019069e+00   5.2654613e+00  -4.8037552e+00
   3.4046428e+00   4.6793011e+00  -4.1853895e+00
   3.8910355e+00   1.7365418e+00   6.1659676e+00
  -1.0918063e+00  -1.6612588e+00  -4.3298474e+00
   5.7582388e+00   2.4293366e+00  -1.6822706e+00
   1.5140291e+00   5.3363359e+00  -4.7850176e+00
   5.6129923e+00   4.0405567e+00  -1.9638353e+00
   5.8520443e+00   5.9689268e+00   3.5086719e+00
   1.3863802e+00   4.7904313e+00   7.5459848e+00
   4.2710753e+00   1.0336423e+01   5.8225582e+00
   5.2057006e+00   8.3884067e+00  -2.6018308e+00
  -2.1914247e+00   5.6751512e+00  -3.5326420e+00
   5.4872710e+00   6.7517908e+00  -2.1810864e+00
   2.9796758e-01   4.2930367e+00   1.3145463e+00
  -3.6618269e-01   4.0733975e+00   1.7400961e+00
  -3.7147768e+00   3.1991642e+00   7.4412960e+00
  -3.2720300e+00   6.1614118e+00  -6.3306833e-01
   3.5913154e+00   5.9275155e+00  -4.0785507e+00
   8.5111144e-01   2.2957398e+00  -4.8127464e+00
  -3.2820984e+00  -2.0976152e+00  -1.1641777e+00
  -6.0573361e-01  -2.7568669e+00   1.7966157e+00
  -3.2874709e+00   6.6975818e+00  -1.0372084e+00
  -2.0269923e+00   4.8366751e+00   1.4812281e+00
   4.5915533e+00   5.7353468e+00  -3.3076982e+00
  -3.1617631e+00   4.8088384e+00  -1.8784316e+00
  -3.0141974e+00   6.7174544e+00   3.3077156e-01
  -1.9029395e+00   3.3807955e+00  -3.7978168e+00
  -3.0938499e+00   2.1732490e+00   1.3824928e-01
   4.6380072e+00   5.7060457e+00   5.4388641e+00
   5.0456609e+00   3.4389349e+00   4.9344474e+00
  -2.8974165e+00   7.9814910e+00  -2.5576443e+00
  -5.5910413e-02   6.9658682e+00   1.6046512e+00
   4.7502827e+00   2.1533323e+00  -3.1469176e+00
  -3.0651793e+00  -2.0572354e+00  -2.1757493e+00
   2.3302280e-02   2.0975581e+00  -4.7172712e+00
  -1.8914589e+00   6.0687275e+00   1.5601651e+00
  -3.1914702e-01   4.7298468e+00   7.8879659e+00
  -2.4876837e+00   1.9336253e+00   1.1070557e+00
   1.5472584e+00   4.0575321e+00  -4.7812413e+00
   5.7179265e+00   6.9510047e+00   3.8098645e+00
   3.2034248e+00   5.7921440e+00  -4.2896936e+00
  -1.7897417e+00   3.5483578e+00   7.8766345e+00
   6.3016558e+00  -3.8947664e+00   1.8583414e+00
  -2.8096292e+00   1.2574823e+00   7.0329807e-01
   3.5734450e+00   3.8445914e+00  -4.0892149e+00
   5.5435575e+00  -3.0809359e-01  -2.0864702e+00
  -3.7291321e+00   9.4920594e+00   7.4361488e+00
  -2.5524012e+00   9.8542545e-01   1.0379306e+00
   6.0631571e+00   1.4434665e+00   2.9278067e+00
  -2.4417919e+00   4.3230040e+00  -3.2545496e+00
  -1.0853423e+00   6.7116354e+00   1.8104380e+00
  -1.9544060e+00   3.4771377e+00   1.5250108e+00
   5.3240338e+00   4.0501589e+00  -2.4346145e+00
   2.0520627e+00   5.4164127e+00  -4.6955807e+00
   2.3254040e+00   6.1408996e+00  -4.6266070e+00
   6.3607603e+00   6.2638816e+00   9.3247149e-01
  -6.2883089e-01   6.5739750e+00  -4.5310604e+00
  -2.2370094e+00   1.1600662e+01  -3.4857647e+00
   3.8444542e+00   8.9486840e+00  -3.9170284e+00
   3.4622998e+00   3.2718498e+00   6.4999204e+00
   3.5007298e+00   3.3368564e+00  -4.1316450e+00
  -2.2836897e+00   5.1457395e+00  -3.4361452e+00
  -3.2857411e+00   6.0448214e+00  -8.2827957e-01
   2.2222347e+00   1.6515730e+00  -4.6545449e+00
   6.0004018e+00  -4.6899193e-01  -1.1043354e+00
  -1.9732997e+00   5.3363713e+00  -3.7377215e+00
   1.4120927e-01   5.8901918e+00   1.4681331e+00
   1.7903572e+00   6.4990703e+00  -4.7466499e+00
  -2.0897355e+00   1.5569684e+01  -3.6320024e+00
   6.3608360e+00   3.8513555e+00   9.4191937e-01
   5.0625959e+00   7.8782878e+00  -2.7884465e+00
   1.1116264e+00   6.7929472e+00   7.6287186e+00
  -1.9360651e+00   6.6184648e+00   7.8605588e+00
  -2.9919423e+00   6.2160079e+00  -2.3570286e+00
  -2.9701431e+00   1.1698286e+00  -2.4061390e+00
  -1.5016497e+00   1.5279134e+00   1.7250373e+00
   4.6537563e+00   1.4647205e-01  -3.2462316e+00
   6.0426560e+00  -4.5118249e-01  -9.8247660e-01
  -2.8926026e+00   6.4197230e+00   5.6772303e-01
  -7.4509966e-02   5.8742538e+00   1.6151771e+00
  -8.7348736e+00   9.0970279e+00  -4.6982979e+00
  -3.2218489e+00   4.5826134e+00  -1.6263581e+00
  -2.9950469e+00   5.1699530e+00  -2.3498748e+00
   5.2287097e+00   1.1143570e+00  -2.5702906e+00
  -3.2831543e+00  -1.1213338e+00  -1.1461634e+00
  -2.7111647e+00   7.2943574e+00  -2.8832890e+00
  -2.6678514e-01   5.9283551e+00   1.7052450e+00
  -9.5223614e-01   1.8441295e-01  -4.3972025e+00
  -2.0941772e+00   6.7760623e+00   1.4374534e+00
  -2.9040271e+00   6.3102292e+00   5.4761914e-01
   5.3953471e+00   1.7121452e+00  -2.3273992e+00
   8.6058644e-02  -2.3094585e+00   1.5114728e+00
   4.4541450e+00   1.8891646e+00   5.6382856e+00
   5.6627311e+00   7.8783296e+00   3.9234034e+00
  -1.0730828e+00   1.5421757e+00   7.9163148e+00
  -4.9044106e+00   5.3350963e-01   6.9073495e+00
  -5.6223388e+00   3.8489635e+00   6.4673993e+00
  -1.4872767e+00   2.1123329e+00   1.7294926e+00
   6.1511712e+00   1.5335095e+00  -6.2150158e-01
  -2.1446536e+00   8.2789672e+00   1.4024054e+00
  -3.2849030e+00   3.3872698e+00  -8.0880685e-01
  -3.2466935e+00   6.0783544e+00  -1.4873866e+00
   3.4903778e+00   4.1835147e+00  -4.1375612e+00
  -2.9261648e+00   5.8566910e+00  -2.4998218e+00
   3.2515036e+00   5.6027973e+00  -4.2657609e+00
   4.8193673e+00   6.6488483e+00  -3.0727315e+00
  -2.7608969e+00   4.8186537e+00  -2.8033294e+00
  -2.3077361e+00   9.3079453e+00  -3.4099157e+00
  -2.7993442e+00   5.3788761e+00  -2.7383466e+00
  -2.5678732e+00   2.3776960e+00  -3.0921199e+00
   4.0858352e+00   3.1605095e+00  -3.7435227e+00
   6.3064491e+00   2.6430285e+00   1.8224968e+00
   1.3809123e-02   4.8411913e+00  -4.7152973e+00
   4.0998737e+00   1.0494439e+01  -3.7328023e+00
   1.4970483e+00   5.3960399e+00  -4.7868594e+00
  -3.2872870e+00   3.3439652e+00  -8.7533341e-01
  -9.3398164e+00   5.9095235e+00   6.0908899e-01
  -1.7567090e+00   4.7606564e+00  -3.9144368e+00
  -3.1682134e+00   1.0608360e+01  -8.8257054e-02
   3.8950084e+00   8.3558999e+00  -3.8823316e+00
  -6.0302195e+00   6.5646900e+00   6.1706267e+00
   1.2759505e+00   4.1523915e+00  -4.8054113e+00
   4.4506952e+00   5.1842334e+00  -3.4400434e+00
  -2.6890413e+00   5.2291774e+00  -2.9175063e+00
  -3.5999209e-02   3.7727770e+00  -4.7045995e+00
  -7.8050753e-01   1.1662122e+01  -4.4719963e+00
   6.1194713e-02   3.5346788e+00  -4.7249434e+00
  -2.1027827e+00   2.9088029e+00   1.4316120e+00
  -3.1536444e+00   7.3991330e+00   7.6195595e+00
  -2.4089915e+00   2.9611030e+00  -3.2940822e+00
   6.1535759e+00   7.6283724e+00   2.6104962e+00
  -2.2050425e+00   4.6686451e+00   1.3579119e+00
  -1.3228682e-01   5.0683385e+00   1.6456990e+00
  -5.8254852e-01   5.7246432e+00  -4.5478304e+00
  -1.5270855e+00   9.4257462e+00  -4.0774595e+00
  -6.6459289e+00   5.5176537e+00   5.6461791e+00
   4.3356777e+00   5.7546322e+00   5.7590542e+00
  -2.8885969e+00   1.6656816e+00  -2.5748967e+00
   4.5772884e+00   3.7032983e+00  -3.3215256e+00
  -2.9783947e+00   7.5471008e+00  -2.3877743e+00
  -3.1973190e+00   5.8947053e+00  -1.7394084e+00
  -4.6838402e-01   4.7468489e-01  -4.5867727e+00
  -6.1188559e-01   1.1552415e+01  -4.5372671e+00
   5.5962871e-01   1.0433620e-01   7.0201700e-01
   2.7608216e+00   9.8515082e+00  -4.4824237e+00
  -1.2242568e+00   1.5974772e+00  -4.2601330e+00
  -3.0234425e+00  -3.7399550e-01  -2.2824269e+00
   6.4353480e-03   1.0537766e+01  -4.7137498e+00
  -9.2799432e+00   7.7577804e+00  -2.9255595e+00
   6.1545392e+00   2.1694712e+00  -6.0883997e-01
  -2.1497783e+00   6.5860189e+00   1.3987397e+00
   1.4101969e+00   1.0317238e+01   7.5382781e+00
   6.3189269e+00   3.5749534e+00   1.7209528e+00
  -6.8423120e-01   4.2914003e+00   1.8075025e+00
  -1.2952304e+00   6.4944773e+00  -4.2203285e+00
   5.1623908e+00   7.6817868e+00   4.7706240e+00
  -1.5897918e+00   5.2937597e-01   1.6952803e+00
  -2.8371304e+00   3.9727154e+00  -2.6714642e+00
   3.3829301e+00   3.8244274e+00   6.5563122e+00
   4.3370584e+00   2.3677128e+00  -3.5403472e+00
  -3.0966780e+00   9.9371675e+00  -2.0879527e+00
   6.2882069e+00   8.7472537e+00   1.9517626e+00
  -3.2112305e+00   2.7285094e+00  -2.5719211e-01
  -7.7303001e-01   8.1881418e+00   7.9136892e+00
  -2.2964170e+00   3.7078470e+00  -3.4223206e+00
  -8.5490015e-01   3.4597152e+00  -4.4406567e+00
   6.0097590e+00   7.4061348e+00  -1.0780629e+00
   3.5150048e+00   3.9438792e-01   6.4615839e+00
  -3.0855067e+00   8.3697460e+00   1.6035019e-01
   4.6737815e+00   4.0372522e+00  -3.2260289e+00
  -1.6622235e+00   1.6427527e+00  -3.9843199e+00
  -4.6901455e+00   1.0031781e+01   7.0204037e+00
  -8.8236300e-01   2.3574472e+00   1.8196494e+00
  -1.1040370e+00   2.9079985e+00   1.8085174e+00
   5.2881765e+00   5.5833451e+00   4.5820908e+00
  -2.8964382e+00   8.6162757e+00   5.6101611e-01
   6.0111642e+00   3.6373126e+00  -1.0740841e+00
  -3.2285776e+00   1.3034025e+00  -3.3958039e-01
  -1.4405633e+00   4.2125272e+00  -4.1331660e+00
   5.9257974e+00   6.1932725e+00  -1.3013534e+00
   2.7238050e+00   3.6516661e+00  -4.4963783e+00
   1.6667431e-01   2.0871910e+00  -4.7445773e+00
  -1.6649960e+00   8.7510652e+00  -3.9823269e+00
  -3.3493786e-01   6.7055230e+00   1.7299186e+00
   3.8985794e+00   3.9907854e+00  -3.8798487e+00
  -2.2184143e+00   8.4956036e+00   1.3476676e+00
  -2.8848604e+00   4.4593405e+00  -2.5821403e+00
   2.5694305e+00   5.9836597e-01  -4.5511270e+00
   6.0004380e+00   1.0074198e+00  -1.1042346e+00
   5.7873177e+00   4.9037251e+00  -1.6210918e+00
  -8.9501769e-01   5.7993268e+00  -4.4230880e+00
  -1.6248060e+00   9.2350342e+00  -4.0108872e+00
   4.4063360e+00   6.8244385e+00   5.6877148e+00
  -2.7220838e+00   7.6575879e+00   8.2971842e-01
   2.4483308e-01   7.3309640e+00  -4.7575104e+00
  -5.5318990e+00   5.2624247e+00   6.5283524e+00
   5.7509397e+00   5.4042396e+00  -1.6973489e+00
   4.5547471e+00   4.1170162e+00  -3.3431761e+00
   5.2363045e+00   1.9299800e+00   4.6614605e+00
  -3.0578253e+00  -1.1923324e+00   2.3013527e-01
   2.0722105e-01   7.8386932e+00   1.4096955e+00
  -3.0257890e+00   1.3095136e+00   3.0502270e-01
  -9.1080287e+00   1.8842360e+00   1.6120898e+00
  -3.0472825e+00   4.3933092e-01  -2.2227033e+00
   6.2298323e+00   5.0874316e+00  -2.9043653e-01
   3.5864174e+00   5.3523075e+00  -4.0814830e+00
  -9.5594971e-01   4.1791900e+00   1.8187899e+00
  -2.8243830e+00  -6.6332029e-01  -2.6943826e+00
  -3.1386764e+00   8.8981700e+00   9.1116600e-03
   5.0687331e+00   2.7919481e+00  -2.7807621e+00
  -3.0593119e+00   5.5886474e+00  -2.1913582e+00
   1.9285815e+00   5.7665829e+00  -4.7214790e+00
   6.1330685e+00   3.3448458e+00  -6.8776585e-01
  -2.3876789e+00   4.0053067e+00   1.2046134e+00
  -3.2822719e+00   1.5702439e+00  -7.5970474e-01
   6.0643170e-01   8.9218250e+00  -4.7999081e+00
   5.0567858e+00   7.0719810e+00   4.9192580e+00
  -1.0210602e-01   1.9186557e-01  -4.6895077e+00
   5.9890953e+00   3.1401421e+00  -1.1355787e+00
   5.8855249e+00   4.8943761e+00  -1.3997694e+00
   4.9024979e+00   2.9736765e+00  -2.9797929e+00
  -6.7543140e+00   6.1320548e-01   5.5429559e+00
  -6.4037682e-01   3.6004964e+00  -4.5267869e+00
  -3.2869883e+00   1.6413210e+00  -1.0557274e+00
   5.0712315e-01   2.0746685e+00   3.6635185e-01
   5.7748850e+00   3.9303904e+00   3.6867242e+00
   5.0882165e+00   4.7652737e+00   4.8758745e+00
  -3.1688193e+00   6.3158586e+00  -9.0384748e-02
   6.0485471e+00   7.9048412e+00  -9.6479158e-01
   4.9986764e+00   2.5306418e+00  -2.8669010e+00
  -2.1564188e+00   2.9587243e+00   1.3939600e+00
  -3.2534829e+00   4.9589437e+00  -1.4424586e+00
  -1.9286917e+00   4.8159918e+00  -3.7761367e+00
   6.3605053e+00   8.2919310e+00   9.0850785e-01
   8.9004289e+00   1.2651859e+01  -1.5417673e+01
  -6.1294112e+00   1.3846490e+01   1.3219451e+01
   8.5379863e+00   1.2435137e+01  -8.1511182e+00
  -1.0258863e+01   1.3371966e+01  -1.3067270e+01
  -8.2226697e+00   1.5213455e+01  -1.4611376e+01
   8.2189126e+00   1.3412134e+01   1.0686530e+01
   1.2201605e+01   1.8617732e+01   4.1747425e+00
   7.2525174e+00   1.9221821e+01  -1.6146929e+01
  -1.5690121e+01   1.7346469e+01   2.4897455e-01
  -1.3953519e+01   2.0267588e+01   6.2447220e+00
  -7.1886093e+00   2.0913099e+01   1.2765099e+01
   8.0812489e-01   1.4837587e+01   1.4056528e+01
  -9.1207840e+00   1.3055718e+01   1.1656930e+01
   1.1023448e+01   1.6036346e+01  -5.0736758e+00
   1.8808395e+01   1.5734936e+01  -5.9650268e-01
  -1.5355932e+01   1.5163381e+01   2.4481887e+00
   1.0368973e+01   1.7136473e+01   8.2284381e+00
   3.5903525e+00   1.5621318e+01  -1.0733814e+01
  -8.4273028e+00   1.6039803e+01   1.2100037e+01
   3.9982471e+00   1.2415388e+01   1.3254268e+01
  -8.2996318e+00   1.1899161e+01  -1.4561512e+01
   1.6344871e+01   7.9004747e+00   1.0487248e+01
  -3.0762890e+00   1.6548649e+01  -1.6818828e+01
  -1.5205895e+01   1.0778258e+01   3.0547952e+00
   4.0323207e+00   9.1277057e+00   1.3241193e+01
  -8.7731185e+00   1.1251753e+01   2.5648439e+00
  -1.4701950e+01   1.6029286e+01  -6.6409022e+00
   1.2430505e+01   1.6624779e+01  -1.3072407e+01
  -4.3322700e+00   2.0603022e+01  -1.6460857e+01
  -3.2337738e+00   1.9438277e+01  -1.0187265e+01
  -1.5637636e+01   1.6738407e+01  -2.7895143e+00
   1.1705134e+01   1.4741908e+01   1.5954001e+01
   1.4230570e+01   1.9361050e+01   1.3489767e+01
  -1.0031750e+00   1.8547791e+01   1.4172373e+01
  -1.3126459e+01   1.6697316e+01  -9.7417377e+00
  -1.5724904e+01   8.5947319e+00  -1.6800963e+00
  -4.7684540e+00   8.5798616e+00  -1.6311646e+01
  -9.1838464e+00   1.2296043e+01   1.1613873e+01
   7.0146153e+00   1.1468556e+01   1.1645599e+01
   1.2397270e+01   1.1509163e+01   3.2865608e+00
   9.3454251e+00   1.4488678e+01  -1.5185123e+01
  -1.4073809e+01   1.2539958e+01   6.0122779e+00
  -3.8188848e+00   1.9049006e+01   1.3890061e+01
  -8.0632055e+00   1.1042034e+01   1.2311571e+01
   1.2605439e+01   1.3872762e+01   1.1083521e+00
  -1.2814917e+01   1.2331787e+01  -1.0202643e+01
   1.8803858e+01   1.3612635e+01  -6.4900466e-01
  -1.5603470e+01   9.1979768e+00  -3.0670833e+00
   1.0929196e+01   1.9608445e+01   7.3249437e+00
   1.9580695e+00   1.4495339e+01  -1.7281008e+01
   1.2599479e+01   1.4991926e+01   5.9377692e-01
   1.0863326e+01   1.6619468e+01  -5.3490067e+00
   3.9194485e+00   1.1015642e+01   1.3284111e+01
  -1.3348942e+01   1.1073409e+01   7.2868334e+00
  -1.5658085e+01   1.2328621e+01   6.0084776e-01
   1.2209457e+01   1.2996812e+01  -2.1291825e+00
   4.3299635e-02   1.4195412e+01  -1.7281211e+01
   1.0787909e+00   2.1243309e+01   1.4018919e+01
   6.4726131e+00   1.4184919e+01   1.2009686e+01
  -1.5656993e+01   1.1329299e+01   6.1147796e-01
  -1.3004852e+01   1.6594053e+01   7.8053809e+00
  -1.3233953e+01   1.7124670e+01   7.4653166e+00
  -1.3092850e+01   1.7451214e+01  -9.7931216e+00
  -5.5549818e+00   9.3082495e+00   1.3425644e+01
  -3.5444697e+00   1.4695394e+01   1.3942630e+01
  -4.3922869e+00   1.3831873e+01   1.3762185e+01
  -1.4690669e+01   1.8944373e+01   4.6290151e+00
  -1.7870797e+00   2.0729213e+01  -1.7081287e+01
  -4.7692629e+00   1.3425022e+01   1.3664591e+01
   3.7832439e+00   1.3885345e+01   1.3334406e+01
   1.2339609e+01   1.7068921e+01  -1.5735538e+00
  -5.0423829e+00   1.9150366e+01   1.3587044e+01
  -6.1919659e+00   1.4958263e+01   1.3195337e+01
   5.9905366e+00   1.6184250e+01   1.2303111e+01
   1.2438381e+01   1.5918467e+01   1.5326415e+01
   1.0737899e+01   1.1676904e+01   7.6521598e+00
  -2.9651657e+00   1.4104754e+01  -1.6845549e+01
   1.5789358e+01   1.6438622e+01  -9.2866173e+00
   1.2335923e+01   1.6871920e+01  -1.5910385e+00
  -1.4034501e+01   9.6793517e+00  -8.1606719e+00
   1.1079812e+01   1.8140661e+01   7.0509861e+00
  -1.2074391e+00   2.2849794e+01  -1.7166124e+01
   1.3199162e+01   1.1930025e+01  -1.2379586e+01
   3.3636560e+00   1.8167426e+01  -1.0785544e+01
  -4.6042223e-02   1.6858382e+01   1.4140348e+01
   5.3425194e+00   1.8073517e+01   1.2656338e+01
   7.2057108e+00   1.2365786e+01   1.8713426e+01
  -1.5394772e+01   1.3226041e+01  -4.2822979e+00
   1.5575885e+01   1.5541646e+01   1.1723371e+01
  -1.2334017e+01   1.6050372e+01   8.7000072e+00
   2.2128223e+00   1.2420114e+01  -1.7265004e+01
  -2.6693555e+00   1.8765402e+01   1.4073699e+01
  -8.6710578e+00   1.6725365e+01  -1.4312276e+01
  -1.1648723e+01   1.5909362e+01  -1.1678180e+01
  -8.0252689e+00   1.5799203e+01   1.2332817e+01
   1.2117894e+01   1.3320129e+01  -2.4636519e+00
  -2.1333987e+00   1.4226731e+01  -1.7020891e+01
  -1.1077548e+01   1.3588077e+01  -1.2289462e+01
  -4.3350433e+00   2.0679667e+01   1.3776059e+01
  -1.4044440e+01   1.6450006e+01  -8.1408367e+00
  -1.5178512e+01   1.4394846e+01  -5.1753501e+00
   1.7637906e+01   1.4892970e+01   7.7446093e+00
  -9.4122184e+00   1.4015184e+01  -1.3769699e+01
  -1.3506925e+01   1.6225291e+01   7.0322879e+00
  -1.1357756e+01   1.5709734e+01   9.7925686e+00
   1.2210125e-01   1.9144071e+01  -1.1005991e+01
   1.0686928e+01   1.8496362e+01  -5.6342513e+00
   1.8241253e+00   1.3194738e+01   1.3887273e+01
   1.9856561e+00   1.8198408e+01   1.3853217e+01
  -1.0309590e+01   1.3998871e+01   1.0759138e+01
  -5.5328631e-01   1.9576589e+01   1.4165405e+01
   1.0550822e+01   9.7080128e+00  -5.8428520e+00
  -1.2178188e+01   1.5601028e+01   8.8893459e+00
   1.2605602e+01   1.2214689e+01   1.0880283e+00
  -1.4902522e+01   1.6119192e+01  -6.0807980e+00
  -1.5286266e+01   1.2363791e+01  -4.7583373e+00
  -1.5726376e+01   9.4993385e+00  -1.6452311e+00
  -1.0198753e+01   1.6951220e+01  -1.3120341e+01
  -1.1975039e+00   1.6104445e+01   1.4170964e+01
  -1.2845885e+01   1.3262500e+01   8.0301877e+00
  -1.3492596e-01   1.6434709e+01   1.4146061e+01
  -1.4509866e+01   1.7717052e+01   5.0742679e+00
  -6.3324017e+00   1.5547749e+01   1.3139986e+01
  -1.1319019e+01   1.6706797e+01   9.8317292e+00
  -9.0324461e+00   2.0704342e+01   1.1716445e+01
  -1.4823550e+01   1.8901358e+01   4.2735594e+00
   1.5207843e+01   1.3435916e+01  -1.0111885e+01
  -1.1278208e+01   1.5405375e+01  -1.2081739e+01
   1.0743684e+00   1.0781394e+01   1.4019577e+01
  -1.4230686e+01   1.5032142e+01   5.6935212e+00
   1.7256943e+01   1.4079146e+01  -6.6202795e+00
   1.2333150e+01   1.3162582e+01   3.6123910e+00
  -1.3721663e+01   7.6800465e+00  -8.7531307e+00
   6.4226956e+00   1.5212906e+01  -1.6441199e+01
   6.8463957e+00   1.2035722e+01  -9.3954477e+00
  -8.6754729e+00   1.5053312e+01  -1.4309226e+01
  -4.2486634e+00   1.4153034e+01   1.3796527e+01
   2.3891885e-01   1.5585657e+01   1.4118224e+01
  -6.9809899e+00   1.6066584e+01   1.2862054e+01
   1.2598093e+01   1.4446972e+01   5.5260945e-01
   8.8086695e+00   1.6355289e+01   1.0126045e+01
  -1.4678231e+00   1.5893717e+01  -1.7130514e+01
  -1.4381762e+01   1.3799194e+01  -7.4230042e+00
   2.8260241e-01   1.9097149e+01  -1.7292791e+01
  -1.4800441e+01   1.6353402e+01  -6.3740063e+00
  -1.4229094e+01   1.0814375e+01  -7.7592633e+00
  -1.4542604e+01   1.1051193e+01  -7.0447288e+00
  -1.5609758e+01   1.2504237e+01   1.0173943e+00
  -9.2918595e+00   1.2170947e+01   1.1539007e+01
  -1.3938352e+01   1.9367132e+01   6.2733492e+00
  -1.5581523e+01   1.2432594e+01  -3.2270207e+00
   1.0953748e+01   1.5852913e+01  -5.1955850e+00
  -1.3291327e+01   1.3501489e+01  -9.4833625e+00
  -1.5235300e+01   1.5740613e+01  -4.9613706e+00
  -9.9674950e+00   1.6873190e+01   1.1037037e+01
  -1.1766978e+01   2.0634049e+01   9.3604970e+00
  -8.3143650e+00   1.7952883e+01   1.2167150e+01
   8.3355249e+00   1.5824614e+01   1.0581011e+01
  -6.9033963e+00   1.0692963e+01   1.2897276e+01
  -4.4724242e+00   1.5006964e+01  -1.6414353e+01
   1.2002062e+01   1.4774349e+01  -2.8416936e+00
   7.6132967e+00   1.7238903e+01  -1.6004211e+01
  -9.3897286e+00   1.0099378e+01   1.1469933e+01
  -1.1555286e+01   1.2957709e+01   9.5882975e+00
  -3.0190330e+00   1.4652567e+01   1.4027955e+01
  -1.5443265e+01   1.4252660e+01   2.0359224e+00
   1.0462326e+01   1.4191320e+01  -5.9735936e+00
  -3.5117841e+00   1.4354746e+01   1.3948524e+01
  -1.0105391e+01   1.9720109e+01   1.0927041e+01
   5.1686670e+00   1.7651012e+01  -1.6800112e+01
  -1.3395446e+01   1.8640165e+01  -9.3144778e+00
  -8.9682452e+00   1.6344259e+01  -1.4102215e+01
  -1.3164557e+01   1.8505140e+01   7.5704378e+00
   1.0903338e+01   9.9710635e+00  -5.2817534e+00
   1.2561322e+01   6.2793369e+00   2.0576601e+00
  -1.4284889e+01   1.3298585e+01   5.5788605e+00
  -1.5452492e+01   1.3694430e+01  -3.9970857e+00
  -2.6865705e+00   1.6096817e+01  -1.6909098e+01
  -2.1979525e+00   1.5631719e+01   1.4121546e+01
   6.6280811e+00   1.6644632e+01   1.1909092e+01
  -1.2982905e+01   1.7100011e+01  -9.9583272e+00
   1.7428282e+01   1.4442077e+01  -6.2246469e+00
  -1.4993996e+01   1.2092463e+01  -5.8012196e+00
  -1.5689039e+01   1.3983003e+01  -2.2606208e+00
  -1.0263985e+01   1.3912958e+01  -1.3062724e+01
   1.1353804e+01   1.5444903e+01   6.5082421e+00
  -5.7975441e+00   1.9008161e+01   1.3341898e+01
  -5.1101790e+00   8.4275820e+00   1.3566893e+01
   1.2605929e+01   1.6719155e+01   9.8951807e-01
  -1.1334594e+01   1.2922081e+01   9.8160187e+00
  -2.3725064e+00   1.7919103e+01   1.4105672e+01
  -1.5110076e+01   1.4696042e+01  -5.4186319e+00
   8.6866446e+00   1.5354356e+01   1.0247698e+01
  -7.5668937e+00   1.3063473e+01   1.2578078e+01
  -1.1683237e+01   1.6806498e+01  -1.1639186e+01
  -1.4116849e+01   1.5048558e+01  -7.9942271e+00
  -9.1174160e+00   1.6300718e+01  -3.5942080e+00
  -7.6973544e-01   1.0692606e+01   1.4170543e+01
  -1.9989615e+00   1.4700557e+01  -1.0623142e+01
  -1.2544019e+01   1.7013348e+01  -1.0577675e+01
   7.5469192e+00   1.8592100e+01  -1.6031158e+01
  -1.2915273e+01   1.6671978e+01  -1.0057834e+01
  -3.5502159e+00   1.0842330e+01  -1.6695956e+01
  -8.7947861e+00   1.2838340e+01   1.8910597e+01
  -1.3010768e+01   1.5983825e+01   7.7968450e+00
   1.2604237e+01   1.9214837e+01   7.9028502e-01
   5.5929237e+00   1.4175390e+01  -1.6689918e+01
   2.8916222e+00   8.9753138e+00   1.3624561e+01
  -1.5705872e+01   1.1393832e+01  -2.0297447e+00
  -1.3346623e+01   1.4459886e+01   7.2904876e+00
  -1.3935571e+01   1.4226460e+01  -8.3545273e+00
  -1.9463332e+01   1.9196906e+01   9.2456010e+00
  -1.3024995e+00   1.8588867e+01   1.4169094e+01
  -1.3595693e+01   1.6698769e+01   6.8841728e+00
   1.0452596e+01   1.3208157e+01   8.1034648e+00
  -1.1004205e+01   1.6183812e+01  -1.2363601e+01
  -1.2731199e+01   1.7177120e+01  -1.0320944e+01
  -3.7337778e+00   1.6948546e+01  -1.6644435e+01
  -6.7763171e+00   1.3544659e+01  -1.5444075e+01
   1.4099479e+01   1.7925830e+01  -1.1456534e+01
   7.8250926e+00   1.9081207e+01   1.1025267e+01
   1.1961329e+01   1.5228397e+01   4.9936251e+00
  -9.9886678e+00   1.4517017e+01  -1.3301829e+01
  -1.5734485e+01   1.5411360e+01  -5.9385988e-01
  -1.1307364e+01   1.3570173e+01   9.8434554e+00
  -8.5379226e+00   1.5111998e+01   1.2032969e+01
  -8.7082148e-01   1.6232507e+01  -1.7206169e+01
  -7.0049183e+00   2.0857096e+01   1.2851081e+01
   7.4777621e-01   1.8232742e+01   1.4064183e+01
  -1.5047002e+00   1.7986351e+01  -1.7125142e+01
  -8.9761876e+00   1.2240304e+01  -1.4096467e+01
  -5.1296906e+00   1.6403562e+01   1.3561027e+01
  -3.1637333e+00   1.6436285e+01  -1.6797247e+01
  -1.5655120e+01   1.2601943e+01   6.2953530e-01
   2.7039955e+00   1.3551244e+01   1.3677256e+01
  -1.2171642e+01   1.2214342e+01  -1.1059204e+01
  -1.3604537e+01   1.4424185e+01  -8.9606704e+00
   6.8862152e+00   1.8300353e+01  -1.6282578e+01
  -2.1290998e+00   1.3909707e+01   1.4127214e+01
   8.0252968e+00   1.3606564e+01   1.8327562e+01
   2.1606819e+00   1.5398181e+01   1.3814055e+01
   1.2234367e+01   1.6545823e+01  -2.0312508e+00
  -1.5724447e+01   2.3086057e+01  -1.6905584e+00
   1.2024010e+01   1.6853140e+01   4.7983172e+00
   1.0676675e+01   1.6282567e+01   7.7524861e+00
  -1.2554545e+01   1.5976299e+01   8.4208913e+00
  -1.6805269e+00   1.7528593e+01   1.4155926e+01
  -1.5673822e+01   2.0520734e+01   4.3892825e-01
  -4.6396761e+00   1.6262393e+01  -1.6357078e+01
   9.8916617e+00   1.4633538e+01   8.8883239e+00
   1.2559425e+01   1.5103248e+01   2.0799586e+00
   8.2886258e+00   1.7801191e+01   1.0623747e+01
  -1.4245331e+01   1.2467258e+01   5.6627836e+00
   8.0326983e+00   1.5718556e+01   1.0849996e+01
  -7.9650625e+00   1.5293363e+01   1.2366232e+01
  -9.9014103e+00   1.4090630e+01   1.1088810e+01
  -7.1131383e+00   1.9204422e+01   1.2800802e+01
  -1.1406339e+01   1.2942770e+01  -1.1945209e+01
   1.8510511e+01   1.6472274e+01  -2.6914941e+00
  -4.7601899e+00   1.9321095e+01   1.3667067e+01
  -4.4852134e+00   1.4415664e+01   1.3739135e+01
   1.9346902e-01   1.4251518e+01   1.4122143e+01
   1.2429282e+01   1.6695507e+01   3.1045541e+00
  -1.4418935e+01   1.3817189e+01   5.2841471e+00
  -1.1873671e+01   1.4486030e+01  -1.1419463e+01
  -1.9779520e+00   1.1217922e+01   1.4138477e+01
   1.0973989e+01   1.6018941e+01  -5.1605188e+00
   1.1405021e+01   1.6004526e+01  -1.3882386e+01
   1.6783199e+00   1.7870398e+01   1.3916307e+01
  -1.5515003e+01   1.5890610e+01   1.6471610e+00
   1.1728538e+01   1.6317472e+01   5.6412359e+00
   1.7871308e+01   1.7079619e+01  -5.0594136e+00
  -1.4691036e+01   1.8235573e+01  -6.6696071e+00
   1.4463046e+01   1.2084643e+01  -1.1043830e+01
   1.1319001e+01   1.4884009e+01  -4.5162553e+00
  -3.5933560e+00   1.4677619e+01   1.3933670e+01
  -1.4127741e+01   1.2573578e+01  -7.9718474e+00
  -1.4371566e+01   1.9791383e+01   5.3901954e+00
  -1.5736152e+01   1.4651225e+01  -1.3311528e+00
   1.2600724e+01   1.6746377e+01   1.3593150e+00
  -1.5457059e+01   1.2671160e+01   1.9652879e+00
  -1.3486363e+01   1.4636489e+01  -9.1631351e+00
   1.0906179e+01   1.6528868e+01  -5.2769413e+00
  -7.7367487e+00   9.8284015e+00  -6.5329033e+00
  -2.4345700e+00   1.5965051e+01  -1.6962382e+01
  -7.7405199e+00   1.7188405e+01  -1.4910458e+01
  -1.5506436e+01   1.4781993e+01  -3.7025646e+00
   1.2479582e+01   1.3115877e+01  -7.8010980e-01
   1.1004130e+01   1.7407791e+01   7.1905795e+00
  -2.1126087e+00   1.6726758e+01   1.4128521e+01
  -1.0809198e+01   1.5481647e+01   1.0321502e+01
   6.9792166e-02   1.3928137e+01  -1.7282657e+01
  -1.5306858e+01   1.4516346e+01   2.6584610e+00
   1.4931658e+01   1.4004918e+01  -1.0472231e+01
   2.4482072e+00   1.6743498e+01   2.0151280e+01
  -1.5737104e+01   1.5470770e+01  -1.2826328e+00
  -1.5615194e+01   1.5408879e+01  -2.9762849e+00
   3.8904787e-01   1.5293990e+01  -1.1023988e+01
  -1.0726606e+01   1.4830752e+01  -1.2635960e+01
   7.8028551e+00   1.1287871e+01  -1.5925525e+01
  -9.9478777e+00   1.4431742e+01  -1.3336363e+01
  -1.5287028e+01   1.1313513e+01  -4.7552155e+00
  -1.5299051e+01   1.5828411e+01  -4.7055662e+00
  -7.6402465e+00   2.2387454e+01   1.2540226e+01
   4.7520789e+00   1.7849259e+01   1.2940253e+01
   7.0241928e+00   1.6614589e+01   1.1638819e+01
  -7.6526448e+00   1.6798719e+01   1.2533776e+01
  -1.1572824e+00   1.7766812e+01  -1.7172518e+01
  -1.5718398e+01   1.8316535e+01  -1.8166146e+00
   9.3838734e+00   1.5642506e+01   9.5072095e+00
  -9.8473051e+00   1.5725289e+01  -1.3420554e+01
  -1.5299366e+01   1.6073864e+01   2.6894424e+00
  -1.3246870e+01   1.4640238e+01   7.4455398e+00
  -5.8811333e+00   1.6979165e+01   1.3311920e+01
  -1.3980637e+01   1.7200787e+01   6.1931650e+00
  -1.5639368e+01   1.2150169e+01   7.7403158e-01
  -1.2057261e+01   9.2495444e+00   9.0320496e+00
  -1.5491946e+01   1.4327923e+01   1.7782906e+00
   7.4142295e+00   1.1813967e+01  -9.0290415e+00
  -1.1161286e+00   1.9164012e+01   1.4171878e+01
   9.1448119e+00   1.7035890e+01  -1.5291942e+01
   1.0421447e+01   1.5951766e+01   8.1503764e+00
  -3.3972522e+00   1.4421878e+01  -1.6737203e+01
  -5.1392084e+00   1.5640667e+01   1.3558154e+01
   1.0109844e+01   1.6356013e+01  -6.4604242e+00
   1.2017683e+01   1.0118093e+01  -1.3413115e+01
   6.6938185e-01   1.5593132e+01  -1.7304481e+01
   4.6978908e-01   1.3892585e+01   1.4096025e+01
  -1.3393761e+01   1.4538215e+01   7.2157510e+00
   1.0169758e+01   1.7743090e+01   8.5143265e+00
  -1.4688917e+01   1.8156509e+01  -6.6751623e+00
  -7.0347790e+00   1.6389491e+01   1.2837315e+01
  -9.7561900e-01   2.0142410e+01   1.4172357e+01
  -1.4943370e+01   1.7283160e+01   3.9277360e+00
   8.9189854e+00   1.6884187e+01   1.0013320e+01
  -2.7367248e+00   1.6993663e+01  -1.6898019e+01
   2.7867809e+00   1.8400985e+01   1.3654355e+01
   3.8306869e-01   1.2020843e+01   1.4104814e+01
  -1.8185736e+00   1.7845581e+01   1.4148605e+01
  -1.5126762e+01   1.7098189e+01   3.3383411e+00
   1.0178169e+01   1.9725712e+01  -6.3699927e+00
  -1.5719860e+01   1.3581723e+01  -2.0883795e-01
  -1.4854191e+01   1.1786866e+01  -6.2218952e+00
  -8.4172719e+00   1.2704086e+01   1.2106054e+01
  -8.0144313e+00   1.5870172e+01   4.0085386e+00
   1.7389936e+00   1.4977939e+01   1.3904421e+01
  -8.9212157e+00   1.0302391e+01  -1.4136108e+01
  -1.0155157e+01   1.3022911e+01   1.0886679e+01
   6.2701703e+00   1.5022489e+01   1.2136246e+01
   8.5103171e+00   8.5511218e+00  -1.5608634e+01
   1.2413237e+01   1.4325759e+01  -1.1937081e+00
  -1.5259871e+01   1.1536368e+01  -4.8648900e+00
  -1.2580878e+01   1.4251111e+01   8.3866408e+00
  -7.0253247e+00   1.8751481e+01   1.2841683e+01
  -1.4219360e+01   1.4304958e+01   5.7171743e+00
   1.0325195e+01   1.5933082e+01   8.2926553e+00
  -1.3717255e+01   1.8860778e+01   6.6749226e+00
  -8.5830384e+00   1.7174830e+01  -1.4372648e+01
   1.2893203e+01   1.6433351e+01  -1.2664982e+01
   8.4077873e-02   1.8849962e+01  -1.7283420e+01
   9.6501379e+00   1.1780521e+01   9.1921853e+00
   4.1207682e+00   1.8193933e+01   1.3206769e+01
  -1.8582027e+00   1.3481782e+01  -1.7069480e+01
  -5.1574358e+00   1.3678311e+01   1.3552633e+01
  -6.5934334e+00   1.0592919e+01  -1.5536197e+01
  -4.0216400e+00   1.5039153e+01  -1.6559145e+01
  -1.4607500e+01   1.0991076e+01  -6.8840833e+00
   9.5126890e+00   1.3698840e+01  -1.5093525e+01
   2.9879021e+00   1.2849066e+01  -1.0860535e+01
  -2.8433252e+00   1.2887588e+01   1.4052037e+01
   1.2089805e+01   1.6642019e+01  -2.5594163e+00
  -3.7329503e+00   1.7928393e+01  -1.6644673e+01
  -1.0851756e+01   1.4909696e+01  -1.2514756e+01
   1.1428447e+01   1.6623159e+01   6.3486496e+00
   1.2605812e+01   1.8351864e+01   1.0516601e+00
   1.1912683e+01   1.5428939e+01   5.1382906e+00
  -1.5377365e+01   1.2154441e+01   2.3519566e+00
  -1.4615135e+01   1.4135964e+01  -6.8648519e+00
   1.1747471e+01   1.5586482e+01   5.5923665e+00
   7.9032090e+00   1.1414158e+01   1.0960157e+01
  -3.8060221e-01   1.4254544e+01   1.4158927e+01
  -8.7603030e+00   1.4946175e+01   1.1894064e+01
   1.2589125e+01   7.9603824e+00   3.4659311e-01
   1.0635659e+01   1.2967074e+01   7.8185888e+00
  -3.9107657e+00   1.5190030e+01  -9.8719901e+00
  -4.8409417e+00   1.1106905e+01  -1.6285558e+01
   1.2346302e+01   2.1253819e+01   3.5490559e+00
   6.6867790e+00   1.7722682e+01  -1.6352591e+01
   1.0050651e+01   1.8479765e+01  -1.4782787e+01
   1.2040734e+01   1.8855961e+01   4.7443326e+00
   6.4452364e+00   1.0990668e+01   1.2027091e+01
   1.2603294e+01   1.2137099e+01   1.2547903e+00
   2.2785132e+00   1.3734187e+01  -1.7260267e+01
   8.9368928e+00   1.6963199e+01   9.9947687e+00
   1.8644053e+01   1.2329703e+01  -1.9474016e+00
   1.2139568e+01   1.4905122e+01  -2.3877264e+00
  -8.3452791e+00   1.6185091e+01  -1.4531653e+01
  -1.5654683e+01   1.0041508e+01  -2.6333095e+00
   1.2578248e+01   1.5178531e+01   1.6262851e-01
   1.2216859e+01   1.8357323e+01  -2.1004311e+00
  -2.4562139e+00   1.9671191e+01   1.4097291e+01
  -1.2313904e+01   1.2192575e+01   8.7248019e+00
   4.6102301e+00   1.3895410e+01  -1.6928102e+01
  -1.5440079e+01   1.6908466e+01   2.0519919e+00
   1.2043769e+01   1.7031424e+01   4.7344464e+00
  -2.1212675e+00   1.0315491e+01   1.4127837e+01
  -6.1403635e+00   1.3374911e+01   1.3215253e+01
   8.7506281e+00   1.6168003e+01   1.0184300e+01
   1.4998091e+01   1.1107549e+01  -1.0387238e+01
   3.4883477e+00   9.6426933e+00  -1.7128060e+01
  -1.5701894e+01   1.5752614e+01  -2.0887433e+00
  -4.8732241e+00   1.2150774e+01   1.3635756e+01
  -3.7316619e+00   1.7898601e+01   1.3907371e+01
  -4.1995871e+00   1.3649440e+01   1.3807905e+01
   4.7817563e+00   7.4473606e+00   1.2926802e+01
  -1.2490356e+00   1.6079292e+01  -1.7160708e+01
   1.2347284e+01   1.3173491e+01   3.5442622e+00
  -1.1295582e+01   1.7074156e+01   9.8552838e+00
  -1.4849749e+01   1.2531784e+01  -6.2346536e+00
  -1.5634502e+01   1.7757646e+01   8.1631345e-01
  -1.5699269e+01   1.7868456e+01  -2.1259667e+00
  -1.5364728e+01   1.5470677e+01   2.4090430e+00
  -1.4535526e+01   1.1171881e+01   5.0134471e+00
  -2.6685273e+00   1.8546857e+01   1.4073797e+01
  -5.9271962e+00   1.2075156e+01  -1.5848802e+01
  -1.5713357e+01   1.6463159e+01  -8.8688885e-02
  -1.3943905e+01   1.8559540e+01  -8.3384418e+00
  -1.3795786e+01   1.7664616e+01  -8.6180008e+00
  -5.8873222e+00   1.5121153e+01   1.3309677e+01
   2.9616477e+00   1.7803256e+01   1.3604164e+01
  -1.5196931e+01   1.5852376e+01   3.0879882e+00
  -7.3031206e+00   1.5414798e+01   1.2709915e+01
  -1.0508167e+01   1.8426179e+01  -1.2841526e+01
   1.2142458e+01   1.5793830e+01  -2.3774608e+00
  -1.5375854e+01   1.6908675e+01   2.3588366e+00
   1.8761876e+00   1.3288131e+01   1.3876514e+01
  -1.9688765e+00   1.7113343e+01  -1.7050496e+01
  -1.5713253e+01   1.3094628e+01  -1.9102060e+00
   1.0252822e+01   1.6213796e+01   8.3970710e+00
  -1.1359190e+01   1.6236485e+01  -1.1995810e+01
   1.5597651e+00   1.6206025e+01   1.3938730e+01
   1.8328546e+01   1.5877222e+01   5.5214724e+00
  -3.0176377e+00   1.5256166e+01  -1.6833030e+01
   1.1364840e+01   1.3685845e+01  -4.4230902e+00
  -1.5428189e+01   1.8168095e+01  -4.1204597e+00
  -1.3380196e+01   1.9898781e+01  -9.3395036e+00
  -1.5721612e+01   1.5011259e+01  -2.4448021e-01
  -1.5245264e+01   2.0010113e+01   2.9053899e+00
  -1.2917259e+01   1.4555794e+01  -1.0054934e+01
   9.0189111e+00   1.4282685e+01   9.9088762e+00
  -4.9443259e+00   1.6177121e+01   1.3615553e+01
  -8.2687203e+00   1.0220339e+01   1.2193888e+01
   1.0835635e+01   1.7133123e+01   7.4876901e+00
  -1.5515756e+01   1.5200634e+01   1.6427659e+00
   1.1582988e+00   1.6534433e+01  -1.1039515e+01
   1.0224440e+01   1.0519511e+01  -6.3077229e+00
   5.8755614e+00   1.2787361e+01   1.2369127e+01
  -6.5955194e+00   1.2815194e+01  -1.5535162e+01
  -1.3837532e+01   1.9719206e+01   6.4600216e+00
  -5.5716736e+00   1.0036976e+01   1.3420034e+01
  -1.5276882e+01   1.3488048e+01  -4.7965824e+00
   6.5880025e+00   1.8543938e+01  -9.5471822e+00
  -1.3395945e+01   1.2556049e+01   7.2122656e+00
  -3.1804083e+00   2.2859271e+01   1.4003879e+01
  -1.1653530e+01   1.0195288e+01  -1.1672764e+01
  -1.5174458e+01   1.4025043e+01   3.1699495e+00
  -1.0791600e+01   1.6701579e+01  -1.2573334e+01
  -1.5733195e+01   1.4670418e+01  -1.4498230e+00
  -6.9774521e+00   1.5333178e+01   1.2863672e+01
   2.0110579e+00   1.1761535e+01   1.3847680e+01
  -1.2646671e+01   1.5276327e+01  -1.0438178e+01
  -1.3705683e+01   2.2354478e+01   6.6951758e+00
  -8.6873070e+00   1.4067741e+01   1.1940268e+01
  -1.4229102e+01   1.7902137e+01   5.6968364e+00
   1.1677737e+01   1.8289118e+01   5.7695595e+00
  -2.0938372e+00   8.9596831e+00   1.4129986e+01
  -5.6702892e-01   1.8249770e+01   1.4165830e+01
   1.0053043e+01   7.8556036e+00   8.6746502e+00
   1.1828073e+01   1.6264630e+01  -3.3415853e+00
   1.0898159e+00   8.9312885e+00   1.4017273e+01
  -3.0123649e+00   1.8138000e+01   1.4028909e+01
   1.2375794e+01   1.2044813e+01   3.4007661e+00
   7.0870109e+00   1.4945503e+01   1.1594041e+01
   1.2582417e+01   1.1215891e+01   2.2788939e-01
  -7.4871355e+00   1.0058348e+01   1.2618644e+01
  -1.5662888e+01   1.2713195e+01  -2.5524923e+00
  -1.5060623e+01   1.2459689e+01   3.5606428e+00
   1.1710106e+01   1.4463842e+01   5.6882573e+00
  -1.3364622e+01   1.5785463e+01   7.2620639e+00
   6.7719633e+00   1.8046179e+01  -9.4400818e+00
  -5.3765162e+00   1.8526410e+01  -1.6081126e+01
   1.8862110e+01   1.1547868e+01   2.7449312e-01
   1.2524732e+01   1.2545053e+01   2.4275448e+00
  -1.4487348e+01   1.5251107e+01  -7.1777262e+00
  -9.2158652e+00   1.2294386e+01  -1.3919608e+01
  -1.0315077e+01   1.4176767e+01   1.0754541e+01
  -1.5310850e+01   1.8161997e+01   2.6418397e+00
   1.0596697e+01   1.6854021e+01   7.8805845e+00
   6.5305565e+00   1.0316408e+01  -1.6405569e+01
   5.8190270e+00   1.3763732e+01   1.2401046e+01
   5.9902757e+00   4.9908144e+00   1.2303262e+01
  -1.0877409e+01   9.8011554e+00  -1.2489594e+01
  -4.4798868e+00   7.2202049e-01  -1.6411838e+01
  -8.8922665e+00  -2.8264099e-02   1.1809003e+01
   9.5428026e+00  -4.5080086e-01   9.3215680e+00
  -1.4215037e+01   7.3800746e+00  -7.7892284e+00
  -1.0738450e+01  -1.6133986e+00   1.0385903e+01
   5.3205497e+00   2.1127433e+00   1.2667531e+01
   1.2605613e+01   8.5253686e+00   1.0864777e+00
  -1.5052824e+01   2.6363489e+00   3.5860780e+00
   1.2043041e+01   2.4719801e+00   4.7368209e+00
  -1.5739348e+01   2.1762707e+00  -8.9630273e-01
   2.7769891e+00   7.3330438e+00  -1.7216156e+01
   1.2227135e+01   4.3148852e+00  -2.0600306e+00
   7.1645850e+00   8.1517934e+00  -9.1959083e+00
  -1.4859202e+01   5.3815816e+00  -6.2074636e+00
   1.2040973e+01   3.9681906e+00   4.7435536e+00
   1.5109871e+01   3.1822351e+00  -1.0241850e+01
   1.8899987e+00   2.9331107e+00   1.3873626e+01
  -1.9190274e+00  -1.2838946e+00   1.4142431e+01
   1.1513158e+01   6.9576172e+00  -4.1069071e+00
   1.7800548e+01   5.6606830e+00  -5.2623707e+00
   1.8069279e+01   6.0307290e+00  -4.4462683e+00
   1.0827558e+01   4.6076749e+00   7.5014910e+00
  -2.9267263e+00   7.3947313e+00   1.4040883e+01
   1.2470608e+01  -1.7439767e-01   2.8426201e+00
   1.1089937e+01   4.9089424e+00   7.0320006e+00
  -1.4948674e+01   2.5840016e+00  -5.9419064e+00
  -5.3467659e+00   3.4045698e+00   1.3493729e+01
   9.5264493e+00   4.3465083e+00  -1.5085885e+01
  -2.6530305e+00   5.9608259e+00  -1.0413470e+01
  -1.5537856e+01   4.0273229e+00  -3.5147504e+00
  -1.5083165e+01   6.8459324e+00   3.4862367e+00
   8.8732748e+00   5.3896772e+00  -1.5431350e+01
  -6.5200798e+00   5.5067492e+00   1.3063368e+01
   1.8017475e+01   6.6989895e+00  -4.6139230e+00
  -1.5323095e+00   7.1723001e+00   1.4162290e+01
  -1.2533200e+01   7.7946820e+00   8.4485062e+00
  -9.3303648e+00   4.1989443e+00  -1.3832752e+01
  -1.5691935e+01   2.5817900e+00  -2.2240023e+00
  -1.4365562e+01   5.4056212e+00  -7.4596738e+00
  -8.2294048e+00   4.6605716e+00   1.2216742e+01
  -1.5672663e+01   4.8090902e+00   4.5148138e-01
  -2.9646669e+00   6.0531008e+00  -1.6845667e+01
  -7.8284575e-01   4.7235168e+00   1.4170747e+01
  -1.2168523e+01   4.1578049e+00   8.9008847e+00
  -2.0847618e-01   6.8600331e+00   1.4150363e+01
  -5.9073459e+00   7.8023940e+00   1.3302400e+01
   1.4558340e+01   2.6152923e+00  -1.0931375e+01
  -9.7675604e+00   8.0814282e+00  -1.3486359e+01
  -1.1337743e+01   4.3566009e+00   9.8128360e+00
  -1.5665062e+01   1.7488489e+00  -2.5303614e+00
  -1.5691670e+01   2.7985687e+00   2.2938098e-01
  -1.4564497e+01   4.9242844e+00  -6.9910862e+00
   4.3496731e+00   6.0322420e+00   1.3114397e+01
  -1.4196270e+01   1.5198658e-01  -7.8289858e+00
  -8.0054920e+00   4.1909255e+00   1.2343834e+01
   1.0690622e+01   5.2582396e+00   7.7298085e+00
   3.5666940e+00   2.5503946e+00   1.3411050e+01
  -8.3872813e+00  -1.7105996e+00   1.2123976e+01
   4.0493224e+00   2.7790710e+00   1.3234630e+01
   1.1908411e+01   3.5907682e+00  -1.3499905e+01
   4.3678155e+00  -5.4583385e-01   1.3106872e+01
  -1.5342198e+01   7.5740829e+00  -4.5213527e+00
  -1.5428172e+01   6.0666263e+00   2.1112837e+00
   8.3798915e+00   6.1479425e+00   1.0540207e+01
   8.5923463e+00   1.2361466e+01   1.0339600e+01
  -1.3860437e+01   7.6749944e+00  -8.4975954e+00
   3.0759959e+00   6.4258737e+00   1.3569997e+01
   9.5093619e+00   7.0879458e-01   9.3612061e+00
  -8.3230071e+00  -4.3555484e-01   1.2162062e+01
  -1.1385188e+01   4.7432712e+00   9.7646613e+00
  -1.5704859e+01   7.6209363e+00  -2.0450834e+00
  -1.4029736e+01   8.1158874e+00  -8.1701597e+00
   9.8746257e+00   4.3495914e+00   8.9103646e+00
   1.1858938e+01   5.0422045e+00   5.2918938e+00
   1.2598031e+01   3.8487316e+00   1.4433399e+00
  -1.5400056e+01   1.7526174e+00  -4.2572594e+00
   2.4359838e+00   1.0618324e+01   1.3747643e+01
  -1.5695119e+01   4.4779392e+00   1.8457365e-01
  -1.5050590e+01   3.7340950e-01  -5.6189728e+00
   4.3111032e+00  -1.7469858e+00  -1.0536083e+01
   1.2277223e+01   3.4109148e+00   3.8655954e+00
  -1.5527003e+01   8.7412929e+00   1.5761762e+00
  -1.5206864e+01   5.5035267e+00   3.0511890e+00
   1.6455351e+00   4.0015235e-01  -1.1021618e+01
   9.4176582e+00   6.3559080e+00  -1.5145852e+01
   3.6985569e+00   8.7664760e+00  -1.0707380e+01
  -8.4578149e+00   2.6939137e+00  -1.4457127e+01
  -1.0663504e+01   6.7862510e+00   1.0453225e+01
   1.1002931e+01   2.5577123e+00   7.1927594e+00
  -2.2320830e+00   1.0579452e+01  -1.7002336e+01
  -6.3155599e+00   9.1769963e+00   1.3146713e+01
  -4.4074452e+00   9.9324591e+00  -1.6436081e+01
   1.9880766e+00   1.2039119e+01  -1.7279318e+01
  -1.2582175e+01   5.1024823e+00   8.3849487e+00
  -1.5187900e+01   6.2292251e+00  -5.1407873e+00
  -2.2596598e+00   8.7958306e+00  -1.6997044e+01
  -1.3977551e+01   5.7985811e+00  -8.2730506e+00
  -8.4266602e+00   6.5158199e+00   1.2100423e+01
   1.1098964e+01   2.5395576e+00  -1.4101643e+01
  -1.0552046e+00   3.8738472e+00   1.4172257e+01
   1.1449516e+01   1.7588947e+00   6.3025602e+00
   1.2428920e+01   5.7255143e+00   3.1066984e+00
  -3.5153049e+00   1.0901223e+01  -1.6705505e+01
   4.5776535e-01   6.5481169e+00  -1.7299160e+01
  -6.0655077e+00   1.3050908e+00   1.3243745e+01
  -1.0619719e+00   6.5060882e+00   1.4172228e+01
  -4.9172175e+00   7.1976623e+00  -1.6257705e+01
  -1.5707089e+01  -7.5582431e-01  -2.0110075e+00
   1.1193113e+00   7.1882831e+00  -1.7307186e+01
   1.4533870e+00   6.0287630e+00   1.3957951e+01
   6.0129438e+00   3.8693555e+00   1.2290072e+01
   1.6673623e+01   4.1315071e+00  -7.8087156e+00
   8.0418074e+00   4.5820314e+00   1.0842140e+01
   1.1152563e+01   8.3787230e+00   6.9128614e+00
  -1.5599987e+01   8.8735539e+00  -3.0932953e+00
  -8.5240566e+00   5.4900733e+00  -1.4412644e+01
   3.1555503e+00   5.6601248e+00   1.3545592e+01
  -5.4059717e+00   4.0103197e+00   1.3474723e+01
   4.6002144e+00   1.3423098e+00   1.3007765e+01
   4.9418366e+00   4.2007025e+00  -1.6854418e+01
  -1.5432909e+01   1.0401447e+01   2.0878364e+00
  -1.2684007e+01   1.0284360e+00  -1.0386665e+01
  -1.5660555e+01   4.4152141e+00   5.7654874e-01
  -1.5398287e+01   6.7533902e+00   2.2551152e+00
  -1.1685229e+01   1.0838467e+01  -1.1636927e+01
  -6.1135362e+00   5.1235379e+00  -1.5764925e+01
  -1.5015163e+01   3.6989680e+00   3.7067548e+00
   1.1122993e+01   7.0912480e+00  -1.4084778e+01
  -1.4265682e+01   2.6728054e-01   5.6197733e+00
   7.3907917e+00   1.7771702e+00  -1.6093311e+01
  -1.5539048e+01   3.6957110e-01   1.5028246e+00
  -1.5657653e+01   3.7744801e+00   6.0505889e-01
  -1.5464205e+01   6.4188251e+00  -3.9357188e+00
  -1.5230428e+01  -2.7450395e+00   2.9624063e+00
  -1.5382248e+01   4.7643173e+00   2.3296208e+00
   1.1927684e+01   5.8307310e+00  -3.0639582e+00
  -1.1237379e+01   1.4762917e-01   9.9133275e+00
  -1.3790660e+01   9.4955222e+00  -8.6274443e+00
  -1.0510673e+01   6.3839668e+00   1.0587716e+01
   1.9637827e+00   4.5459904e+00   1.3857946e+01
   1.1865308e+01   6.4494036e+00   5.2740088e+00
  -1.1116148e+01   8.3554485e+00  -1.2250065e+01
  -6.7618869e+00   1.0384611e+01  -7.7397693e+00
  -9.3265659e+00   3.2766770e+00  -1.3835659e+01
  -1.0578403e+01   5.5758903e+00  -1.2776241e+01
  -1.2021225e+01   1.7550395e+00  -1.1243672e+01
  -1.1878644e+01   8.7073516e+00   9.2364275e+00
  -1.5683818e+01   4.1659441e+00  -2.3240547e+00
  -1.5184241e+01   4.2477639e+00   3.1344863e+00
  -1.4278328e+01   5.4696859e+00   5.5928710e+00
  -1.5361919e+01   4.7140854e+00   2.4215945e+00
   4.5529832e+00   5.8582737e+00  -1.6940141e+01
   1.1517515e+01   7.1961506e+00   6.1504717e+00
   1.6334787e+01   7.3790337e+00  -8.4129085e+00
   1.2491572e+01   4.7713351e+00   2.6940847e+00
  -1.5678253e+01   2.1594512e+00  -2.3884836e+00
  -2.1058297e+00   1.3603786e+01   1.4129053e+01
  -1.3664650e+01   1.4873948e+00   6.7664154e+00
  -1.5726069e+01   9.7895347e+00  -1.6526408e+00
  -8.2557206e+00   1.8205545e+00   1.2201463e+01
  -5.4186882e-01   9.9307047e+00   1.4165042e+01
  -1.0109425e+01   1.7048343e+00   1.0923782e+01
   2.4500786e+00   3.0446888e+00  -1.7246715e+01
  -5.3638344e+00   6.1023052e+00  -1.6086208e+01
  -4.7005683e+00   1.2146490e+00   1.3683186e+01
   1.0118961e+01   3.0498523e+00   8.5847247e+00
   4.4443655e+00   4.0371103e+00   1.3074782e+01
  -1.5101565e+01   5.0652332e+00  -5.4478910e+00
  -1.3280774e+01   1.8044106e+00  -9.5002264e+00
   3.2002946e+00   9.1898483e+00   6.6801918e+00
  -8.8729782e+00   9.1574658e+00  -1.4170614e+01
  -2.0481357e-01   9.1001524e+00  -1.7265683e+01
   1.1459825e+01   6.2108162e+00   6.2798350e+00
  -4.6769120e-01   6.6248124e+00  -1.7245306e+01
  -1.1560669e+01   5.5288615e+00  -1.1776550e+01
   1.8870176e+01   4.9584164e+00   5.2929610e-01
  -1.0295291e+01   5.4733246e+00   1.0771094e+01
  -1.5817878e+00   4.1556831e+00   1.4160338e+01
  -9.2232354e+00   1.9312184e+00  -3.1832644e+00
  -5.6273488e+00   8.3542021e+00  -8.7762216e+00
   9.9061386e+00   6.9714145e+00  -6.7198920e+00
   4.3518238e+00   4.1070372e+00   1.3113507e+01
   3.6117846e+00   5.5084957e+00  -1.0728668e+01
  -1.5704595e+01   9.2900051e+00   5.1567916e-02
   1.0685400e+01   2.1451191e+00   7.7383114e+00
  -6.0592892e+00   6.3593174e+00  -8.4176220e+00
  -1.3779081e+01   9.5145151e+00   6.5654757e+00
   8.4645282e+00   6.8952459e+00   1.0461337e+01
  -1.1578635e+01   1.2372099e+00   9.5636330e+00
  -4.4375703e+00   6.0929245e+00   1.3751034e+01
  -2.9464306e+00   5.3921043e+00   1.4038175e+01
   1.2940327e+01   6.1753146e+00   1.4859010e+01
  -7.6793310e+00   9.9078804e+00  -1.4946818e+01
  -4.1213324e-01   6.7718612e+00  -1.7249950e+01
  -6.4500176e+00   7.2711225e-01   1.3092327e+01
  -1.4960146e+01   5.6524039e-01   3.8771006e+00
   3.6486073e+00   5.9285086e+00  -1.7104100e+01
  -5.7131440e-01   6.0209965e+00   1.4165959e+01
  -1.5591674e+01   1.7540251e+00  -3.1545431e+00
  -1.5501218e+01   8.4052260e+00  -3.7324789e+00
   1.1626666e+01   7.6260379e-01   5.8947044e+00
   3.7943327e+00   7.4904881e+00   1.3330372e+01
  -1.2629421e+01   4.0411494e+00  -1.0461836e+01
   1.1230337e+01  -3.5099622e-01   6.7606146e+00
  -1.2955949e+01   6.1830516e+00   7.8754670e+00
  -1.9944662e+00   3.1454005e+00  -1.7046000e+01
  -8.3868085e+00   9.0866334e+00  -5.4477895e+00
  -9.6810898e+00   3.8822446e+00  -1.3556778e+01
  -1.4836508e+01   5.7453979e+00   4.2374068e+00
  -1.2082071e+01   2.2310210e+00  -1.1169708e+01
   2.1932998e-01   2.8215044e+00  -1.7290053e+01
  -1.4507798e+00   3.7211902e+00   1.4165130e+01
  -1.0954820e+01   2.5943467e+00  -1.2412998e+01
  -1.4688816e+01   6.5196676e+00  -6.6754278e+00
  -1.5239492e+01   3.6908522e+00   2.9276776e+00
   7.2258910e+00   5.8022822e+00   1.1493110e+01
  -9.0739343e+00   6.7031130e+00   1.1688609e+01
  -1.4938234e+01   8.1004555e+00   3.9431214e+00
  -9.9754486e+00   4.1631042e+00   1.1030765e+01
  -7.6069098e+00   2.9350988e+00   1.2557493e+01
  -1.3327545e+01   6.2520553e+00  -9.4251368e+00
  -1.5169415e+01   2.1545857e-01  -5.2085554e+00
  -8.1176206e+00   1.2094369e+01   1.2280839e+01
  -1.4630893e+01   2.4331699e+00  -6.8249282e+00
  -1.3818769e+01   1.1842126e+01   6.4940879e+00
  -1.3055021e+01   1.1504508e+01   7.7325930e+00
   1.2605698e+01   9.0225747e+00   1.0735926e+00
   5.7597026e+00   4.3749204e+00   1.2434161e+01
   8.4576931e+00   8.9052833e+00  -1.5633495e+01
   1.2304811e+01   7.3661593e+00  -1.7339256e+00
   1.8875311e+01   5.2510403e+00   1.1614472e+00
  -1.5688369e+01   3.8859342e+00   2.7077254e-01
   1.1660803e+01   8.3360795e+00   5.8114699e+00
  -8.8419743e-01   6.1220050e+00   1.4171921e+01
   3.8417619e+00   9.0670520e+00   1.3312997e+01
  -8.4347650e+00   4.0499251e+00  -1.4472498e+01
  -2.6683993e+00   5.9490164e+00  -1.6913073e+01
  -3.2569017e+00   5.2235387e+00  -1.6773713e+01
   2.8942162e-01   3.0250443e+00   1.4113696e+01
  -5.2570446e+00   7.4029951e+00  -9.0539627e+00
  -9.5805883e-01   2.9732119e+00   1.4172319e+01
   1.2190903e+01   7.4681156e+00  -2.2000328e+00
   1.0225416e+01   8.2020807e-01  -6.3064012e+00
  -1.5264724e+01   4.1342003e+00  -4.8455353e+00
   3.1341319e+00   3.2239849e+00   1.3552214e+01
  -6.8927783e-01   1.8669901e+00  -1.7224979e+01
  -1.4872883e+01   3.2781184e+00  -6.1678294e+00
   1.1584874e+01   5.8601994e+00  -3.9450158e+00
   1.1796417e+01  -3.4224397e-02   5.4632210e+00
   9.7705903e+00   5.3085943e+00  -6.8846805e+00
  -1.4879735e+01   2.7108736e+00   4.1146983e+00
  -1.4513775e+01   6.3433743e+00   5.0650487e+00
  -8.6254763e+00   2.5716338e-01   1.1978937e+01
  -3.0767889e+00   8.2329967e-03   1.4019554e+01
   4.2087781e+00   5.6206798e+00   1.3171817e+01
   1.2308301e+01  -2.9004136e+00   3.7279065e+00
   1.5372794e+01   1.3472896e+00  -9.8874736e+00
  -1.5599066e+01   4.0859729e+00   1.0982113e+00
   1.2941373e+00   2.1843739e+00  -1.7305082e+01
   1.1084796e+01   1.0455003e+00   7.0416509e+00
  -5.2627434e+00   6.3184794e+00  -9.0498804e+00
  -1.2424123e+01  -6.4568713e-01   8.5875939e+00
  -1.3938206e+01   4.1858069e-01   6.2736242e+00
  -4.2754785e+00   3.6443938e+00   1.3790233e+01
  -1.5213319e+01   1.9907574e+00  -5.0456194e+00
   2.8335974e+00   3.8523003e+00   1.3641160e+01
  -1.1125835e+01   8.6870160e+00   1.0022807e+01
  -1.5042797e+01   7.1537363e+00  -5.6445312e+00
  -1.7029589e-01   4.6562249e+00   1.4148178e+01
   1.5295284e+01   3.1009659e+00  -9.9938180e+00
  -6.5502102e+00   6.9811831e+00  -1.5557564e+01
   6.7827084e+00   5.2569834e+00  -9.4336852e+00
   3.3328998e+00   7.2171541e+00  -1.7149851e+01
  -1.2099419e+01   9.3643902e+00   8.9827074e+00
   1.2548112e+01   7.0659155e+00   2.2044142e+00
  -7.6779334e+00   1.3164561e+00   1.2520574e+01
   1.4575282e+01   6.8409947e+00  -1.0911187e+01
   1.0602043e+01   8.5633359e+00  -5.7654528e+00
  -5.1252428e+00   5.9132066e+00   1.3562367e+01
  -1.4080471e+01   1.1068758e+01   5.9991130e+00
  -7.7255599e+00   7.5072733e+00  -1.4919380e+01
   2.8918029e-02   9.1356436e+00   1.4135092e+01
  -1.5508373e+01   1.1444632e+00   1.6855473e+00
  -2.8451602e+00   7.4935842e+00   1.4051797e+01
  -1.2287106e+01   4.9242889e+00   8.7576695e+00
  -8.5375916e+00   2.2600746e+00  -1.4403498e+01
  -1.5510355e+01   4.2445066e+00   1.6741326e+00
   7.2138752e+00   8.7854743e+00  -1.6161675e+01
  -1.2413183e+01   6.1862378e+00  -1.0751101e+01
  -1.3910762e+01   7.2004879e+00   6.3250555e+00
  -1.5505796e+01   6.6319567e+00  -3.7062534e+00
  -1.5247459e+01   4.9015859e+00  -4.9139421e+00
  -2.8156535e+00   8.7983024e+00  -1.6880263e+01
   9.2420918e+00   6.4066359e+00  -1.5240555e+01
  -2.0100319e+00   9.4418976e+00  -1.7043245e+01
  -9.5011744e+00   1.8889985e+00   1.1389817e+01
   3.1194157e+00   6.5963933e+00  -1.7177457e+01
  -9.5433415e+00   4.3214928e+00   1.1359093e+01
   1.2233026e+01   4.9301162e+00   4.0502765e+00
   4.9423362e+00   2.4412927e+00   1.2852540e+01
   1.1305762e+01   8.0769439e+00   6.6080850e+00
   9.4293973e+00   4.1644723e+00  -1.5139429e+01
  -8.6996841e+00   4.2595318e-01   1.1932476e+01
  -6.9877149e+00   6.5760490e+00   1.2858975e+01
   1.0971680e+01   3.8247459e+00   7.2492213e+00
   1.1936639e+01  -3.8450697e-01  -3.0379271e+00
   9.9403782e+00   3.1076472e+00  -6.6772997e+00
   1.1568869e+01   7.0178556e-01   6.0320218e+00
  -1.3166180e+01   4.4499770e+00   7.5680017e+00
  -2.1758041e+00   8.0533724e-01   1.4123406e+01
  -1.5099277e+01   5.1906957e+00  -5.4557218e+00
   1.1290053e+01   5.7986317e+00   6.6402697e+00
  -1.2216390e+01   2.6741415e+00   8.8435072e+00
  -1.2049965e+01   8.5739108e+00   9.0405450e+00
   1.8875902e+01   8.8876440e+00   9.3367353e-01
  -2.5954857e+00   5.3169728e+00   1.4082242e+01
  -4.5720704e+00   4.1949682e+00   1.3716996e+01
  -3.6774859e+00   4.1028000e+00   1.3917840e+01
   2.0853322e+00   4.5215431e+00   1.3831204e+01
   7.5671967e+00   4.4885504e+00  -8.9220993e+00
  -1.5051454e+01   3.6781107e+00  -5.6161302e+00
  -4.5714784e+00   4.0837192e+00   1.3717149e+01
  -9.5450596e+00   3.7996735e+00   1.1357836e+01
  -1.3108422e+01   6.9998409e+00  -9.7693664e+00
  -2.4705370e+00   1.3679369e+00  -1.6955020e+01
  -1.6214877e+00   4.8860366e+00  -1.7107588e+01
  -1.0349672e+01   4.2789959e-01   1.0725458e+01
  -3.6978574e+00   6.2966264e+00  -1.6654692e+01
   1.6498718e+00   6.1315681e+00   2.0272117e+01
  -1.3525908e+01   7.5327348e+00   7.0009328e+00
   8.8241013e+00   3.4420166e+00  -1.5455970e+01
   6.8018802e+00   8.1294352e+00   1.1793027e+01
  -5.8951725e+00   2.5739743e+00   1.3306828e+01
  -1.2813364e+01   6.9698670e+00  -1.0204857e+01
  -1.5739106e+01   1.0461557e+00  -1.1320409e+00
  -9.0824696e+00   8.1392701e+00   1.1682857e+01
  -4.2329764e+00   6.3708007e+00  -1.6492988e+01
   7.5892607e-01   5.7579412e+00   1.4062789e+01
  -1.3475064e+01   5.7412704e+00  -9.1821473e+00
   3.6866432e+00   6.0540007e+00  -1.0710346e+01
   8.4194565e+00   2.0090945e+00   1.0503507e+01
  -1.0342877e+01   8.5071030e+00   1.0731185e+01
  -8.4747901e+00   6.9426662e+00   1.2071409e+01
   1.0807103e+00   1.7149175e+00  -1.1040383e+01
  -6.2915061e+00   2.5224502e+00   1.3156278e+01
  -6.9359609e-01   2.3813520e+00  -1.7224554e+01
  -1.5410043e+01   5.1085201e+00   2.1993471e+00
  -6.5890322e+00   8.7591066e+00   1.3034450e+01
  -1.4500345e+01   5.8813947e+00  -7.1467431e+00
  -3.0458125e+00   7.5360630e+00   1.4024090e+01
  -1.1429978e+01   9.8862717e+00   9.7187786e+00
  -6.0102024e+00   1.4099275e+00  -1.5811774e+01
  -1.4597252e+01   8.4896992e+00   4.8640513e+00
   7.6123883e+00   1.3580197e+01   1.1197596e+01
  -1.5235680e+01   5.7358696e+00  -4.9598964e+00
  -6.9131918e+00   6.1789249e+00   1.2892860e+01
   1.3627637e+00   3.5734198e+00  -1.1034620e+01
  -1.0566566e+01   3.0913005e+00   1.0538960e+01
  -2.9815462e+00   7.1074588e+00   1.4033279e+01
   9.6364893e+00   8.5468659e+00  -7.0419724e+00
  -8.1742278e+00   1.0652166e+00   1.2248543e+01
   9.8005580e+00   9.0263833e+00   9.0050937e+00
   5.5776509e+00   8.6638865e+00   1.2533393e+01
   1.0399619e+01  -4.4341408e-01   8.1829953e+00
  -1.5349990e+01   4.4736199e+00   2.4743692e+00
  -8.7423963e+00  -1.1320063e+00   1.1905454e+01
  -9.2878876e+00   8.3444821e+00   1.1541785e+01
   7.7843463e-02   1.1472399e+01   1.4131444e+01
  -9.5297755e+00   4.5376042e+00   1.1369003e+01
  -7.5043742e+00   5.7877442e+00   1.2609928e+01
  -5.1318894e+00   4.9374549e+00   1.3560364e+01
   4.8039121e+00   4.3009087e+00   1.2916704e+01
   3.9400910e+00   5.9507332e+00   1.3276347e+01
  -1.5699746e+01   3.6651784e+00   1.2161471e-01
   5.3115812e+00  -8.4578891e-01  -1.6764253e+01
   5.6647126e+00   4.4052131e+00   1.2486385e+01
   4.4294858e+00   5.3556448e+00   1.3081062e+01
   1.2426486e+01   1.6648478e+00  -1.1177964e+00
  -1.1390827e+01   8.3968164e+00  -1.1961903e+01
  -1.4607013e+01   8.9598623e+00   4.8400132e+00
  -2.7491467e+00   1.2221037e+01  -1.0378708e+01
   1.8700261e+01   3.3258147e+00  -1.5681413e+00
   1.1175827e+01   7.5556400e-01   6.8678327e+00
  -7.5105652e+00   5.5521770e+00  -1.5045299e+01
   1.0303293e+01   3.5577933e+00   8.3244815e+00
   1.2442544e+01   3.9378123e+00  -1.0218200e+00
  -5.2953955e+00   4.1995830e-01   1.3509993e+01
  -1.4117250e+01   5.1974860e+00   5.9258636e+00
   8.3104074e-01   1.9620955e+00  -1.7306800e+01
  -4.3684595e+00   4.9008048e+00   1.3767990e+01
   5.5093621e-01   2.3157273e+00  -1.7301822e+01
  -1.0943389e+01   4.4884829e+00   1.0197041e+01
  -1.5698765e+01   6.7627609e-01   1.3525437e-01
   1.0526957e+01  -1.0977130e+00   7.9896803e+00
  -9.1874828e+00   7.3898675e+00  -3.3306329e+00
   3.7051448e+00   3.0125359e+00   1.3362515e+01
   1.2939844e+00   2.6580796e+00   1.3985168e+01
  -9.5684045e+00   5.0144520e+00   1.1340723e+01
  -1.3014376e+01   2.7409667e+00   7.7916326e+00
   8.5316322e+00   2.4575277e+00   1.0397825e+01
  -1.2898648e+01   9.3834280e+00  -1.0082055e+01
   1.0658698e+01   3.9531924e+00   7.7815648e+00
   9.5903718e+00   1.0580687e+01  -7.0948078e+00
   1.1352155e+01   7.7426321e+00  -4.4490734e+00
  -5.7604300e-02   3.3027965e+00  -1.7275329e+01
  -1.0873695e+01   2.8915010e+00   1.0262065e+01
   1.6442784e+01   8.3788961e+00  -8.2260637e+00
  -7.2686945e+00   5.8195041e+00   1.2726634e+01
  -1.2730549e+01   3.9986110e+00   8.1880195e+00
   8.6899588e+00   7.4182396e+00  -8.0143617e+00
   7.7048273e+00   1.3518897e+00  -1.5966538e+01
   1.2151277e+01   6.3889927e+00   4.3640200e+00
  -1.2593004e+01   1.6186370e+00  -1.0511493e+01
   1.3285229e+00   2.3792641e+00   1.3979432e+01
  -1.2126501e+01   6.2618696e-02  -1.1115139e+01
  -1.3592499e+01   6.3529311e+00  -8.9816054e+00
  -1.2530036e+01   2.9936081e+00   8.4525888e+00
  -3.4256675e+00   5.4877676e+00   1.3963677e+01
  -1.5081074e+01   2.8073270e+00   3.4931963e+00
  -7.2836890e-01   7.2109763e+00  -1.7221093e+01
   1.2529810e+01   2.1961971e+00  -3.8436523e-01
  -1.5234201e+01   2.9722025e+00  -4.9656287e+00
  -1.2671151e+01   2.5488267e+00  -1.0404450e+01
  -3.7199357e+00   8.5183548e+00  -9.9667766e+00
   1.2484038e+01   4.0699085e+00  -7.4870839e-01
  -6.7078515e+00   5.4840087e+00  -1.5478889e+01
  -5.0953003e+00   1.1000239e+01  -1.6191056e+01
   1.0975930e+01   6.9899412e+00  -1.4187078e+01
  -7.5268587e+00   6.9461950e+00   1.2598517e+01
  -1.0330304e+01   4.9090108e+00   1.0741762e+01
  -1.4827269e+01   3.1104592e+00  -6.2986916e+00
  -3.7575554e+00   1.0228471e+01   1.3902291e+01
   1.6308289e+00   7.8337057e+00  -1.1022472e+01
  -1.1124071e+01   1.7076363e+00  -1.2241946e+01
  -1.5699585e+01   4.9330513e+00  -2.1215522e+00
   1.7048805e+01   6.3482372e+00  -7.0696141e+00
   1.2177322e+01   1.0637674e+01  -2.2508359e+00
   1.4009176e+01   5.8254192e+00  -1.1555230e+01
   1.2579942e+01   2.7671784e+00   1.8850270e-01
  -5.1834567e+00   1.0558120e+01   1.3544706e+01
   1.2595893e+01   4.1696397e+00   4.9416868e-01
   1.1745291e+01   8.9643421e+00   5.5980228e+00
   1.1014377e+01   2.5298486e-01  -1.4160544e+01
   8.5243156e+00   8.8186602e+00   1.0404793e+01
  -8.5232715e+00   2.0663154e+00   1.2041929e+01
  -1.4444304e+01   6.3600270e+00   5.2264512e+00
   7.2162610e-01  -6.1022370e-01   1.4067417e+01
  -1.5493826e+01   6.3955555e+00  -3.7742903e+00
   9.7845198e+00   7.7073208e+00  -1.4939635e+01
  -3.4967564e+00   9.2645850e+00   1.3951207e+01
   8.7598361e+00   7.6463528e+00  -7.9498537e+00
   4.9249559e+00   7.8882207e+00  -1.6858332e+01
  -8.4413910e+00   8.4832423e+00   1.2091570e+01
  -1.1004574e+01   7.5812665e+00  -1.2363230e+01
  -1.0971140e+01   9.1151359e+00   1.0170918e+01
  -1.2748995e+01   7.9415840e+00   8.1630638e+00
   1.2533516e+01   1.2024726e+01   2.3480730e+00
  -7.7811589e+00   4.1984879e+00   1.2466032e+01
  -2.3436456e+00   3.0764989e+00   1.4108446e+01
  -1.1437308e+01   4.4415068e+00  -1.1911739e+01
  -1.4117273e+01   4.5019376e+00   5.9258179e+00
   8.7460547e-02   2.9840643e-01   1.4130707e+01
   1.1156103e+01   6.7499116e+00   6.9060367e+00
  -1.5112234e+01   2.1220831e+00   3.3882353e+00
  -3.3078033e+00   5.2007289e+00   1.3983542e+01
   2.2385284e-01   8.2882680e+00  -1.7290257e+01
   5.0219316e+00   5.5384011e+00   1.2814795e+01
  -5.0227196e+00   2.7739777e+00   1.3592821e+01
  -6.1474195e+00   4.0244649e+00   1.3212543e+01
  -1.3924068e+01  -1.1173003e+00   6.3001784e+00
  -1.4050608e+01   7.8579324e+00   6.0578775e+00
  -2.9221999e+00   4.5735781e+00  -1.6855670e+01
  -1.5053421e+01   9.8991009e+00   3.5841346e+00
   3.4705037e+00   7.3843102e+00   1.3443804e+01
  -1.1358517e+01   5.6610071e+00   9.7917960e+00
   1.2442944e+01   7.4908144e+00  -1.0193702e+00
  -4.3521455e+00   6.0832164e+00  -1.6454344e+01
  -3.1517463e+00   9.3756277e+00  -1.6800234e+01
  -4.6739322e+00   4.0606979e+00  -1.6345106e+01
   1.1501687e+01   1.5240339e+00  -4.1322246e+00
   1.3105880e+01   4.1117424e+00   1.4697488e+01
   4.3551222e+00  -2.1136460e+00  -1.0522331e+01
   1.2599155e+01   2.1493911e+00   1.4103513e+00
  -1.3613648e+01   6.0762548e+00   6.8537447e+00
   2.1424190e+00  -2.0349224e+00   1.3818252e+01
  -1.0777085e+01   4.9017473e+00   1.0350837e+01
  -1.5517130e+01   4.0021874e+00  -3.6401753e+00
  -9.1202006e+00   4.9005451e+00   1.1657326e+01
   1.9043782e+00   7.6207160e+00   1.3870603e+01
   1.5758857e+01   1.9694983e+00  -9.3323990e+00
  -3.7362713e+00   8.4299185e-01   1.3906470e+01
  -6.4582091e+00   6.0570560e+00  -1.5602533e+01
  -1.3077135e+01   7.3244593e+00  -9.8170040e+00
   8.8214577e+00   7.0796110e+00   1.0113114e+01
  -1.4286044e+00   2.6255613e+00  -1.7136137e+01
   1.7014408e+00   2.4330313e+00   1.3911811e+01
  -6.0414215e+00   5.9106489e+00   1.3252813e+01
  -1.1655260e+01   4.1537311e+00   9.4818955e+00
   4.3317170e-01   1.6600104e+01   1.1214327e+00
  -1.2695228e+00   1.7418104e+01  -4.2349493e+00
   4.4740950e+00   1.5091809e+01  -3.4186899e+00
  -7.4299431e+00   1.5077784e+01  -6.9548988e+00
  -3.2807084e+00   1.1145087e+01  -7.3561156e-01
  -3.2662471e+00   1.9109820e+01  -5.8007612e-01
   6.2150780e+00   1.5579419e+01   2.3507443e+00
   6.1620664e+00   1.7588616e+01   2.5772609e+00
  -2.7870094e+00   1.5371715e+01   7.3743938e-01
   5.8228819e+00   2.3061973e+01  -1.5437127e+00
  -2.3943729e+00   1.6830225e+01  -3.3113710e+00
   1.9116709e+00   1.5763421e+01  -4.7247742e+00
   4.8522399e+00   1.3385247e+01  -3.0364731e+00
   6.3609996e+00   1.2482447e+01   9.8073429e-01
  -2.7933887e+00   1.4892406e+01  -2.7486068e+00
   3.6132608e+00   1.3492919e+01   6.3881603e+00
  -3.2142676e+00   1.0290472e+01  -2.7085009e-01
  -2.4412031e+00   1.2401044e+01  -3.2552685e+00
  -5.5098746e-01   1.4290494e+01  -4.5589385e+00
   6.0652634e+00   1.8682704e+01  -9.1358887e-01
  -8.7218012e+00   1.8307709e+01   2.6860040e+00
  -1.6272678e+00   1.4571186e+01  -4.0091580e+00
  -2.9685790e+00   1.2401507e+01   4.2615537e-01
  -7.5311985e-01   7.9666726e+00  -4.4831354e+00
  -4.8468702e+00   1.4884522e+01   6.9384884e+00
  -5.0476307e-01   1.6407229e+01  -4.5747335e+00
   4.4484646e+00   1.2075436e+01  -3.4420662e+00
   3.2646324e-01   1.7477350e+01  -4.7695698e+00
  -1.6775285e+00   1.2389228e+01   7.8871255e+00
   5.1789490e+00   1.3444621e+01   4.7465536e+00
  -5.3424442e-01   1.4300878e+01   4.4670067e-01
  -7.3995710e+00   1.5935383e+01   4.8456496e+00
  -1.5893545e+00   1.5620576e+01   1.6954384e+00
   1.3769935e-01   1.6086120e+01  -4.7394348e+00
   4.6077416e+00   1.4720052e+01  -3.2918861e+00
   5.3656812e-01   1.1030759e+01   8.5789907e-01
   5.7602806e+00   1.7935119e+01  -1.6780332e+00
   2.7099112e+00   1.6388112e+01  -4.5015327e+00
  -2.6400875e+00   1.5968878e+01  -2.9905260e+00
   2.0773746e+00   1.9404664e+01  -4.6898710e+00
  -1.1668585e+00   1.7462347e+01  -4.2910598e+00
   5.5999741e-01   1.6992267e+01   6.9527920e-01
   3.5107035e+00   1.9151327e+01  -4.1259160e+00
   2.0091680e+00   1.6418854e+01  -4.7049444e+00
   8.7484840e-01   9.3250644e+00  -4.8133236e+00
   5.3577502e+00   1.1333270e+01   4.4717597e+00
   6.3583110e+00   1.1409237e+01   8.0316130e-01
   4.2816578e+00   1.7953095e+01   5.8122655e+00
   2.2823374e+00   1.5068646e+01  -4.6385527e+00
  -2.9686673e+00   1.3518133e+01   4.2597913e-01
   5.7150388e+00   9.6017517e+00  -1.7699754e+00
  -3.2171215e+00   1.2821748e+01  -1.6496117e+00
   3.7416841e+00   1.7875901e+01  -3.9850096e+00
   3.2997299e+00   1.5375585e+01  -4.2411368e+00
  -3.0071401e+00   1.5894305e+01   3.4612876e-01
   5.3243245e+00   1.4292035e+01  -2.4341877e+00
  -1.6988899e+00   2.0978197e+01   1.6525181e+00
   4.7978487e+00   9.5215764e+00  -3.0961274e+00
   5.6082998e+00   2.2411346e+01  -1.9723438e+00
   5.6713958e+00   1.9977256e+01  -1.8550372e+00
   2.7384841e+00   1.8777610e+01  -4.4908832e+00
   5.4932107e-01   1.4987315e+01  -4.7950885e+00
  -5.8553209e-01   1.2656659e+01   1.7932312e+00
  -3.1925290e+00   1.8653365e+01  -1.7595877e+00
  -3.1639088e+00   1.7199659e+01  -7.3305850e-02
   2.7688897e+00   1.2064134e+01  -4.4793393e+00
  -3.1367294e+00   1.6000324e+01  -1.9644762e+00
   3.1695485e+00   9.0762858e+00  -4.3061916e+00
   4.2256644e+00   1.2477291e+01  -3.6334634e+00
  -3.0970993e+00   1.4304462e+01  -2.0867284e+00
   6.3609983e+00   9.6392623e+00   9.9661844e-01
  -2.8267209e+00   2.0758186e+01  -2.6902072e+00
   5.1708160e+00   1.5507204e+01   4.7584035e+00
  -2.6334228e+00   1.2469822e+01  -3.0001960e+00
   1.3857127e+00   1.2832126e+01  -4.7974607e+00
   2.5590238e+00   1.8445216e+01   7.0563885e+00
  -2.8753973e+00   1.1140509e+01   5.9729560e-01
   5.5297991e+00   1.4760838e+01  -2.1099758e+00
   5.8241420e+00   1.6160116e+01   3.5746890e+00
  -5.4795598e-01   1.2981135e+01   1.7862854e+00
   3.0267551e+00   1.5827909e+01  -4.3724821e+00
  -5.5408658e-01   1.4760309e+01  -4.5578594e+00
  -2.0387113e+00   1.5693716e+01  -3.6793341e+00
   6.3030733e-02   1.4516543e+01  -4.7253068e+00
  -3.2814346e+00   1.8432099e+01  -7.4645817e-01
  -1.9231465e+00   1.3078546e+01  -3.7808353e+00
   1.4807772e-02   1.4373844e+01   7.8520818e+00
  -5.2743103e+00   1.5909383e+01   6.6929574e+00
  -3.0702295e+00   1.4355569e+01   1.9950173e-01
   3.2939937e+00   1.7325099e+01  -4.2440984e+00
  -3.0517139e+00   1.4342520e+01  -2.2112561e+00
  -2.7451256e+00   1.4706585e+01  -2.8291637e+00
  -2.4872271e-01   1.5612673e+01   1.6981136e+00
  -9.4059792e+00   1.7937282e+01  -2.1575557e+00
  -2.8155059e+00   1.3805515e+01   6.9424507e-01
   1.5817713e+00   1.0139639e+01  -1.1025181e+01
   6.3527705e+00   1.6890878e+01   1.3122019e+00
   3.6477789e-02   1.6625867e+01   1.5467877e+00
  -4.9426978e+00   1.4391488e+01   6.8863077e+00
  -5.5577281e-01   1.5154850e+01   1.7878007e+00
   4.0544352e-01   1.1932731e+01  -4.7798452e+00
   5.0786714e+00   1.6721710e+01  -2.7682601e+00
  -3.0963509e+00   1.0672945e+01   1.3151855e-01
  -8.9915281e+00   1.3247388e+01  -4.0071198e+00
   5.9141494e+00   1.1443495e+01  -1.3303360e+00
   1.5579318e+00   1.8751889e+01  -4.7799798e+00
  -1.6895231e+00   1.1930625e+01  -3.9645465e+00
  -1.1565029e+00   1.1593666e+01  -4.2965217e+00
   2.8413455e+00   1.3428964e+01   6.9014113e+00
  -3.1039340e+00   1.7575138e+01   7.6332421e+00
  -9.0190726e-01   1.4172205e+01  -4.4200230e+00
   7.0489354e-01   1.1209080e+01  -4.8065906e+00
   3.6458822e+00   1.9563883e+01   6.3632066e+00
   9.4270815e-03   1.5433343e+01   1.5647433e+00
   5.4666275e+00   2.2773067e+01  -2.2147955e+00
  -3.0140036e+00   1.8553127e+01  -2.3052656e+00
   1.6387735e+00   1.1379356e+01  -4.7696599e+00
   6.3372201e+00   1.8209309e+01   4.3967513e-01
   6.1666080e+00   1.8271744e+01  -5.6254080e-01
   5.7850401e+00   1.5221631e+01  -1.6259494e+00
   4.6669051e+00   1.6481803e+01  -3.2329894e+00
  -1.8933828e-01   2.1920901e+01  -4.6680121e+00
  -3.2151804e+00   1.5152716e+01  -1.6589331e+00
  -2.5362352e+00   2.0534939e+01  -3.1345540e+00
  -1.9712925e+00   1.7553041e+01   1.5151409e+00
  -2.6172986e+00   1.3101185e+01  -3.0233356e+00
   8.2714330e-01   1.6373143e+01  -4.8120442e+00
  -3.2852086e+00   1.0201061e+01  -8.1560000e-01
   1.2479768e+00   1.1333111e+01  -4.8070408e+00
   5.5864936e-01   2.2349864e+01   5.8864465e-01
  -5.6367397e+00   1.7370333e+01   6.4575371e+00
  -2.4417787e+00   1.8814102e+01   1.1531583e+00
   5.4476858e+00   1.2388659e+01   4.3219015e+00
  -1.7828582e+00   1.3292186e+01  -3.8943611e+00
   4.5734628e+00   1.2955828e+01   5.5106230e+00
  -1.7164901e+00   1.6403041e+01   1.6449887e+00
   6.3516603e+00   1.5468086e+01   6.4388752e-01
   6.0752911e+00   1.5939855e+01  -8.8210988e-01
  -5.6727768e+00   1.3321851e+01   6.4326670e+00
  -2.3219602e+00   1.5343459e+01   7.8050745e+00
  -3.2730319e+00   1.0050407e+01  -6.4317467e-01
  -2.4484244e+00   1.9031760e+01   1.1466267e+00
   2.3575378e+00   9.3936093e+00  -4.6174278e+00
   5.5994157e+00   1.8060100e+01  -1.9883622e+00
  -2.1376157e+00   1.9855459e+01   1.4074067e+00
  -1.9565209e+00   1.5294443e+01  -3.7523010e+00
  -2.6392954e+00   1.8531969e+01   9.3665170e-01
   1.7730857e+00   1.3106570e+01  -4.7495134e+00
  -2.2015198e+00   1.7593238e+01  -3.5223906e+00
  -2.1797097e+00   1.2731541e+01  -3.5444476e+00
  -9.1575069e+00   1.7604744e+01   1.4353108e+00
   3.8917393e+00   1.4643173e+01   6.1653756e+00
   6.1011489e+00   1.3455635e+01  -7.9804718e-01
  -1.5869138e+00   1.2073446e+01  -4.0371760e+00
  -3.2124879e+00   1.4088896e+01  -1.6716572e+00
   3.8977045e+00   1.6077132e+01  -3.8804574e+00
   2.7217372e+00   1.4734869e+01  -4.4971483e+00
   2.7319492e+00   9.3701789e+00  -4.4933358e+00
  -3.2357354e+00   1.4556246e+01  -3.7722571e-01
   7.3861104e-01   1.5523383e+01  -4.8084082e+00
   6.1099065e+00   2.0045829e+01   2.7712271e+00
   3.9347025e+00   1.3248633e+01  -3.8544922e+00
  -3.1909374e+00   1.4099774e+01  -1.7661784e+00
   6.3480087e+00   1.7358660e+01   5.8231457e-01
   9.4828362e-01   1.8021841e+01  -4.8143661e+00
  -2.4314044e+00   1.4892713e+01  -3.2671821e+00
  -3.0947410e+00   9.5253208e+00  -2.0935629e+00
   1.0510221e+00   1.6003592e+01   7.6454640e+00
  -7.3013366e+00   1.0016153e+01   4.9620341e+00
   2.0043032e+00   1.7334873e+01   7.3170723e+00
  -2.1744538e+00   1.2520615e+01  -3.5497128e+00
   6.3589175e+00   1.5151913e+01   8.2530134e-01
   6.2732038e+00   1.9745238e+01   2.0461927e+00
  -2.9164073e+00   2.3360575e+01   5.2539162e-01
  -6.8471706e-01   1.5643790e+01  -4.5100379e+00
   3.4564858e+00   1.7464505e+01  -4.1567165e+00
   1.8169573e+00   1.8988894e+01  -4.7421176e+00
   5.4724915e+00   1.5533230e+01  -2.2052723e+00
  -2.1197382e-01   1.8514896e+01   7.8780308e+00
   3.4091858e+00   1.2757183e+01  -4.1829070e+00
   1.2953520e+00   1.0778249e+01  -4.8041866e+00
  -1.6618754e+00   1.3729949e+01   1.6677756e+00
   1.3010207e+00   1.7737229e+01  -4.8038141e+00
   3.0319457e+00   1.5010219e+01   6.7874771e+00
  -3.2475794e+00   1.3082292e+01  -1.4817438e+00
  -1.5315757e-01   1.6483941e+01   1.6559553e+00
  -1.0804680e+00   1.8140851e+01   1.8109092e+00
   4.4515210e-01   1.2898721e+01  -4.7844984e+00
  -2.0436492e+00   1.9117585e+01   1.4706730e+00
   1.6629328e-01   1.0843796e+01   7.8309841e+00
  -3.2562066e+00   1.4107722e+01  -1.4232107e+00
  -2.9307703e+00   1.8185379e+01  -2.4903207e+00
  -3.0406811e+00   1.0754583e+01  -2.2395485e+00
   8.7599245e-01   1.5402644e+01  -4.8133484e+00
   6.2171920e+00   1.3800824e+01  -3.4959905e-01
  -3.2820633e+00   2.0265559e+01  -1.1647497e+00
  -1.8202567e+00   1.4414528e+01   7.8735060e+00
  -3.9093165e-01   1.4966467e+01   1.7476713e+00
   9.9093306e-01   1.8614891e+01   7.6615399e+00
   6.1889616e+00   1.9273423e+01  -4.7256528e-01
  -1.7400696e+00   1.3490751e+01   1.6346209e+00
   6.2095766e+00   1.2291390e+01  -3.8393463e-01
   5.9027430e+00   1.7805666e+01   3.3834014e+00
   6.3523467e+00   1.5091257e+01   1.3204431e+00
   5.3364709e+00   1.9774382e+01  -2.4162847e+00
   2.3972935e+00   1.4750770e+01  -4.6057549e+00
   1.6812536e+00   1.5427135e+01  -4.7636938e+00
   4.3743493e-01   1.3234195e+01   7.7855763e+00
  -1.9922772e+00   1.6039487e+01   1.5026112e+00
  -3.1804752e+00   1.4296167e+01  -1.8081965e+00
   5.3922162e+00   1.3261010e+01   4.4153413e+00
   5.4706759e+00   2.2020836e+01  -2.2082252e+00
   6.3134432e+00   1.8636030e+01   2.1400651e-01
   5.1931861e-01   1.4845428e+01   9.2111807e-01
   5.2513563e+00   1.2972042e+01  -2.5388014e+00
   4.4230891e-01   1.7415473e+01  -4.7841766e+00
  -9.6893803e-03   1.3100140e+01   1.5769110e+00
   6.3373816e+00   1.5656588e+01   4.4153247e-01
  -2.0328998e+00   1.3257168e+01   1.4775067e+00
   9.0916749e-02   1.9295426e+01   1.5078345e+00
   2.3484117e+00   1.0544822e+01  -4.6200579e+00
   6.0981150e+00   1.1528194e+01   2.8120719e+00
  -3.1107513e+00   1.3244270e+01   9.1757624e-02
   6.3591914e+00   1.2437294e+01   1.1401266e+00
   1.2100511e-01   1.3095158e+01   1.4845427e+00
  -2.8834856e+00   1.6710014e+01   5.8349627e-01
   4.0364255e+00   1.3486502e+01  -3.7806872e+00
   2.9459111e+00   1.2521156e+01   6.8398698e+00
  -2.6830147e+00   1.5649089e+01   8.8156550e-01
  -7.3710801e+00   1.4437183e+01   4.8798280e+00
  -7.5678686e+00   1.7836143e+01  -6.7708363e+00
   5.5587850e+00   1.2979484e+01  -2.0601579e+00
   6.3336708e+00   2.0049951e+01   4.0035094e-01
  -2.9132503e+00   1.7429822e+01  -2.5261071e+00
   7.0910962e-01   1.7761610e+01  -4.8068310e+00
   5.7689429e+00   1.2143947e+01   3.6998776e+00
   4.7626482e+00   1.3036816e+01   5.2945038e+00
   2.0527163e-01   1.4455340e+01  -4.7511346e+00
   4.1062350e+00   1.4538818e+01   5.9775768e+00
  -3.0828470e+00   1.7985776e+01  -2.1273802e+00
  -2.0345298e+00   1.6886612e+01   1.4764757e+00
  -2.2799058e+00   8.0352992e+00  -3.4402304e+00
   6.3132822e+00   1.8313881e+01   1.7685371e+00
   5.4126010e+00   1.1385900e+01   4.3813912e+00
   6.3570975e+00   1.7642866e+01   1.2113066e+00
   1.7586950e+00   1.4887875e+01  -4.7518518e+00
   6.2402572e+00   1.7219652e+01   2.2282353e+00
  -1.7190081e+00   1.1312686e+01  -3.9428122e+00
   5.5433154e+00   1.2892203e+01   4.1524112e+00
  -7.1608780e-01   1.7440364e+01  -4.4978616e+00
   2.7784064e+00   1.5308417e+01  -4.4756811e+00
  -2.8273003e+00   1.4614152e+01   6.7583994e-01
  -3.2875634e+00   1.2387453e+01  -1.0331307e+00
  -7.9514451e+00   1.4312773e+01   4.1043921e+00
   5.2842998e+00   1.0664271e+01  -2.4921806e+00
   3.8759588e+00   1.8829514e+01   6.1786120e+00
  -3.1558002e+00   1.3904281e+01  -1.8996730e+00
   5.8340210e+00   1.4286670e+01  -1.5188603e+00
   5.0608668e-01   1.2601403e+01  -4.7909763e+00
   2.0285512e+00   1.7811657e+01   7.3068156e+00
   3.0531934e+00   1.3487018e+01  -4.3605998e+00
   6.3260662e+00   9.5523094e+00   3.2400537e-01
  -2.9035939e+00   2.0029655e+01   5.4838845e-01
  -1.0241682e+00   1.5568088e+01   7.9166630e+00
   4.7682924e+00   1.4800052e+01  -3.1278351e+00
   5.2422947e-01   1.2750278e+01   4.1318004e-01
   1.2511013e+00   1.5779556e+01   7.5881288e+00
  -9.0990288e+00   1.5667505e+01   1.6428522e+00
   6.3346384e+00   1.7612511e+01   1.5682242e+00
  -3.2709008e+00   1.8127470e+01  -6.2204845e-01
  -2.9928138e+00   1.8647519e+01  -2.3550246e+00
  -4.0249217e-01   1.5912773e+01  -4.6077125e+00
  -2.5482567e+00   1.3527231e+01   1.0425104e+00
   2.1744242e+00   1.2583714e+01  -4.6667050e+00
  -3.5021967e-01   1.6390794e+01   7.8905688e+00
  -2.1226030e+00   2.1492806e+01  -3.6006419e+00
  -7.1515293e-01   1.5165609e+01   7.9118710e+00
  -7.1308088e-01   1.6002361e+01  -4.4990405e+00
  -2.0180674e+00   1.4488837e+01  -3.6980327e+00
  -9.1517294e+00   1.9438720e+01   1.4566726e+00
   6.3155654e+00   1.5175535e+01   2.3135557e-01
   3.9839866e+00   1.4545928e+01   6.0864423e+00
   3.2874105e+00   1.4786894e+01  -4.2474863e+00
   6.3567181e+00   1.1338041e+01   1.2219006e+00
   3.7779329e-01   1.4237682e+01  -4.7764028e+00
  -5.3043862e+00   1.6460814e+01   6.6744069e+00
  -2.4766121e+00   1.1891519e+01  -3.2114130e+00
  -2.9393002e+00   1.9335648e+01  -2.4725405e+00
   5.8035022e-01   1.4320449e+01  -4.7977934e+00
   6.0339395e+00   6.8186026e+00   3.0191411e+00
  -9.3786733e-02   2.0065516e+01   8.8613547e-03
   1.1373515e+00   1.8560220e+01  -4.8119046e+00
  -3.2827052e+00   1.8015074e+01  -7.6692137e-01
  -2.5284004e+00   1.6888569e+01  -3.1448802e+00
  -5.2983706e-01   1.1479997e+01   1.7826293e+00
   4.7813058e+00   1.9091555e+01  -3.1139348e+00
  -1.8723708e+00   1.7041556e+01  -3.8230935e+00
  -3.1795722e+00   1.1871484e+01  -1.2916843e-01
   1.9056606e+00   1.5064971e+01   7.3577735e+00
   2.7717047e+00   1.6039867e+01  -4.4782594e+00
   5.8395205e+00   2.1291189e+01  -1.5064767e+00
   5.7065020e+00   1.6139044e+01  -1.7868836e+00
  -1.7224272e+00   1.3817317e+01   1.6424085e+00
  -5.8170013e-01   1.6558032e+01  -4.5481325e+00
  -8.8297196e+00   2.0712919e+01   2.4252097e+00
  -2.5415726e-01   1.4639223e+01   1.7002861e+00
  -4.6748198e-01   1.3740742e+01  -4.5870669e+00
  -1.2184201e-01   1.6216003e+01  -4.6848028e+00
  -4.5871240e+00   1.7073044e+01   7.0719868e+00
  -8.8956253e-01   1.0859046e+01  -4.4255049e+00
   2.2499529e+00   1.2585781e+01  -4.6472676e+00
  -6.6886487e+00   1.6565244e+01   5.6059190e+00
  -1.7159750e+00   1.4733386e+01  -3.9450663e+00
  -3.0676178e+00   1.5265206e+01   2.0603438e-01
   4.6184214e+00   1.2377824e+01   5.4608475e+00
  -3.2764901e+00   1.6359389e+01  -1.2412095e+00
   6.3553537e+00   9.0444280e+00   1.2565627e+00
   3.2237669e+00   1.6534773e+01   6.6647169e+00
   5.8263643e+00   2.0563936e+01   3.5695018e+00
  -3.1928204e+00   1.4175828e+01  -1.7992466e-01
   6.2889535e+00   9.2093170e+00   1.9468178e+00
   1.6079704e+00   1.1039351e+01  -4.7737518e+00
  -2.6900981e+00   1.3721258e+01   8.7235562e-01
  -3.1779568e+00   1.0927050e+01  -1.8179950e+00
  -4.1004803e-01   1.3918949e+01   1.1610040e+00
  -3.2376947e+00   1.5247205e+01  -3.8799076e-01
  -6.9768487e-01   1.3536457e+01   1.8090134e+00
   2.8484636e+00   1.3988654e+01  -4.4480868e+00
   5.9969011e+00   8.1323062e+00   3.1288967e+00
   5.4788822e+00   1.5784662e+01  -2.1948467e+00
  -3.0561984e+00   2.1251084e+01  -2.1995540e+00
   3.8433389e+00   1.3448586e+01  -3.9177844e+00
   3.8014717e+00   1.1725545e+01   6.2400694e+00
  -2.2091289e+00   1.3010045e+01  -3.5146153e+00
   4.4763671e+00   1.8335836e+01  -3.4166034e+00
   4.2968950e+00   1.6655486e+01   5.7973704e+00
   5.9881617e+00   1.4166115e+01  -1.1381348e+00
  -2.5839883e+00   2.1841991e+01  -3.0700371e+00
   6.3194760e+00   1.3387158e+01   2.6444154e-01
  -5.7420673e-02   1.9383097e+01   7.8610762e+00
   2.3180873e+00   1.4171533e+01  -4.6286653e+00
  -3.1646338e+00   1.1045503e+01  -1.8680211e+00
   5.4631408e+00   1.4097444e+01  -2.2204387e+00
  -9.1314923e-01   1.1461567e+01   1.8196365e+00
   4.3937397e-01   1.3337094e+01   2.4055303e-01
   5.9109989e+00   1.5385222e+01  -1.3381007e+00
   1.8052753e+00   1.1638889e+01   7.3975304e+00
   6.1309679e+00   1.5852283e+01   2.6956970e+00
  -2.7741271e+00   1.5219774e+01  -2.7812971e+00
  -4.2840020e-01   1.2164616e+01  -4.5996114e+00
   5.8390431e+00   1.7920645e+01  -1.5075548e+00
  -4.3611104e-01   2.2827344e+01  -4.5971673e+00
  -5.2373251e-01   1.6409444e+01  -4.5683194e+00
  -3.1836505e+00   1.2477806e+01  -1.7956732e+00
   4.0291174e+00   1.9358985e+01  -3.7861101e+00
   3.2321990e+00   1.1373972e+01  -4.2754438e+00
   2.5276796e+00   1.7185553e+01  -4.5649918e+00
   3.7196437e+00   1.3443058e+01  -3.9991538e+00
  -2.7386313e+00   1.1565910e+01  -2.8396699e+00
  -1.6861403e+00   1.6936912e+01   1.6578615e+00
  -2.5657198e+00   1.2492601e+01  -3.0950464e+00
  -2.9631016e+00   1.6682960e+01   4.3703111e-01
   3.0875843e+00   1.7254923e+01  -4.3448789e+00
   4.9274359e-01   1.6511626e+01   3.3349256e-01
  -3.0931418e+00   1.5777912e+01  -2.0981727e+00
   2.7063854e+00   1.8137344e+01  -4.5028335e+00
  -3.2690860e+00   1.0985735e+01  -6.0507232e-01
   1.4778164e+00   1.4341312e+01  -4.7888733e+00
  -2.4276093e+00   1.6355559e+01   1.1669276e+00
  -2.1399498e+00   1.9845601e+01  -3.5838054e+00
   1.8092813e+00   1.0740421e+01  -4.7434407e+00
  -3.1542096e+00   1.3201413e+01  -4.0623926e-02
  -2.3063020e+00   1.3222142e+01  -3.4114931e+00
  -8.0055787e-01   1.1206906e+01  -4.4637063e+00
   2.6703650e+00   1.2984487e+01  -4.5159565e+00
  -6.8329519e-02   1.7023089e+01   4.6872267e-03
  -9.3263199e-01   1.8232116e+01   1.8193703e+00
  -3.1953946e+00   9.4471940e+00  -1.7475791e+00
   4.0478844e+00   1.7205728e+01   6.0301617e+00
   2.7591980e+00   1.2482816e+01   6.9481590e+00
  -2.5039442e+00   1.6160048e+01  -3.1766656e+00
   5.4949447e+00   1.8921121e+01  -2.1684236e+00
   5.7172420e-01   1.5272721e+01  -4.7970621e+00
  -3.2742772e+00   1.3535231e+01  -1.2663437e+00
   1.6969560e+00   1.3699479e+01  -4.7613936e+00
   5.7127483e+00   1.4140311e+01   3.8207475e+00
  -2.7592555e+00   1.9885985e+01  -2.8060397e+00
  -1.4923358e+00   1.3586173e+01   1.7279369e+00
   5.4790652e-01   1.3856184e+01  -4.7949603e+00
   5.3680434e+00   8.2904954e+00   4.4550373e+00
   5.8239429e+00   1.1736866e+01  -1.5413588e+00
  -2.7844231e-01   1.4360672e+01  -4.6441658e+00
   4.9337095e-01   1.2223966e+01   9.9473917e-01
  -3.2473828e+00   1.7928265e+01  -1.4830017e+00
  -6.0801610e-01   1.4544413e+01   1.7969829e+00
   5.1049033e-01   1.1320003e+01   9.4827584e-01
   5.3063815e+00   1.7707082e+01   4.5536630e+00
   6.2447236e+00   1.6168559e+01   2.2051836e+00
   3.5815477e+00   1.4197237e+01  -4.0843913e+00
   2.8177315e+00   1.4504524e+01  -4.4603363e+00
  -3.0251868e+00   9.8052758e+00  -2.2781582e+00
   3.7536139e+00   1.5453873e+01  -3.9772904e+00
   4.6530256e+00   1.9464295e+01  -3.2469649e+00
  -1.2924852e+00   1.1888974e+01  -4.2219010e+00
   5.7152289e+00   1.4251472e+01  -1.7695972e+00
  -2.1229871e-01   1.2415573e+01   4.6898697e-02
   6.1700067e+00   1.6138738e+01  -5.4922838e-01
   7.8683653e-01   1.4127570e+01  -4.8105926e+00
   7.1309748e-01   1.1616209e+01  -4.8070549e+00
  -3.2604461e+00   1.6375419e+01  -1.3915469e+00
  -6.1236208e+00   1.3253706e+01   6.0973222e+00
   6.3365783e+00   1.8820078e+01   1.5464698e+00
   5.8499487e+00   1.2524539e+01  -1.4827839e+00
   4.6479478e+00   1.7180494e+01  -3.2520533e+00
  -1.8373641e+00   1.2711612e+01   1.5883705e+00
  -1.5528928e+00   1.3681822e+01  -4.0602640e+00
  -2.5471976e+00   1.5477252e+01  -3.1199858e+00
   1.9396232e+00   2.0707824e+01  -4.7192947e+00
   6.1450621e+00   1.6653845e+01   2.6431217e+00
   4.6881255e+00   1.4296590e+01  -3.2114308e+00
  -1.6359032e+00   1.6960629e+01  -4.0030717e+00
  -2.8999860e+00   1.7440977e+01  -2.5525764e+00
  -3.2840368e+00   1.3822304e+01  -1.1296552e+00
   2.7728662e+00   1.6656759e+01   6.9404769e+00
  -1.3343959e-01   1.4666662e+01  -4.6819949e+00
  -3.2786052e+00   1.1611468e+01  -1.2148933e+00
   5.8696595e+00   1.8587343e+01  -1.4372198e+00
  -3.2026941e+00   9.4923860e+00  -2.2026550e-01
   3.5468828e+00   1.4062051e+01  -4.1048927e+00
   4.5076532e+00   1.2532265e+01  -3.3876346e+00
   6.0548771e+00   2.0243845e+01  -9.4558366e-01
   2.6093438e+00   1.2710040e+01  -4.5374999e+00
  -2.9291694e+00   1.4331405e+01   5.0197509e-01
  -2.6759451e+00   1.2965894e+01  -2.9373947e+00
   1.1809041e+00   2.1228273e+01  -4.8102908e+00
   1.1576882e+00   1.7783682e+01  -4.8111997e+00
   6.3592304e+00   1.4199045e+01   1.1384809e+00
  -4.0070486e+00   1.5024626e+01  -9.8223276e+00
   5.3436351e+00   1.1142003e+01  -2.4056569e+00
  -1.1640080e+00   1.2957133e+01   1.8011460e+00
   6.1657207e-01   1.1597580e+01  -4.8006913e+00
   3.3917234e+00   1.4817194e+01  -4.1924180e+00
   4.7135053e-02   1.3021810e+01   1.5394667e+00
  -2.9177395e+00   1.0199344e+01  -2.5170288e+00
   6.1092452e+00   1.6740142e+01   2.7735440e+00
  -3.2822727e+00   1.6463725e+01  -1.1613140e+00
   1.7741991e+00   1.9380724e+01  -4.7493307e+00
  -3.2737679e+00   6.3145603e+00  -6.5081485e-01
  -3.2792638e+00   1.1707453e+01  -1.2061285e+00
   6.3293385e+00   1.2257084e+01   3.5570698e-01
  -1.3893120e+00   1.5759903e+01  -4.1647968e+00
  -2.0385433e+00   9.2201352e+00   1.4739290e+00
  -2.6120910e+00   1.6676171e+01   9.6948101e-01
  -2.9133832e+00   1.5134769e+01   5.3086452e-01
  -1.9916692e+00   1.6226083e+01  -3.7215764e+00
  -7.2213226e+00   1.6126264e+01   5.0538820e+00
   5.6676936e+00   1.5293064e+01   3.9134108e+00
  -3.2251419e+00   1.1086954e+01  -3.2235129e-01
   6.2696682e+00   1.4958605e+01  -8.1436300e-02
  -1.8852958e+00   1.6303767e+01  -3.8124660e+00
  -3.2792960e+00   1.5675058e+01   7.5834654e+00
  -1.2771420e+00   1.2068830e+01   1.7822194e+00
   2.5372118e-01   1.9950461e+01  -4.7588949e+00
  -3.2837091e+00   1.3427728e+01  -7.8479409e-01
  -3.2316023e+00   1.4072825e+01  -3.5518346e-01
   1.6880333e+00   1.5798930e+01  -4.7627070e+00
   2.0682695e+00   1.8264139e+01  -4.6919406e+00
   6.2608670e+00   1.9364507e+01   2.1178634e+00
  -4.3275330e-02   1.0760605e+01   7.8593686e+00
  -7.7294851e+00   1.5892204e+01   4.4222182e+00
   6.3505722e+00   1.7317308e+01   1.3529359e+00
   6.0236104e+00   1.4096259e+01   3.0503877e+00
   1.7272646e+00   1.5721148e+01  -4.7568086e+00
  -3.2028793e+00   1.4556819e+01  -2.2104522e-01
  -2.4625777e+00   1.5358718e+01   1.1325575e+00
  -5.1828146e-01   1.8105999e+01   7.9024950e+00
  -2.7919713e+00   1.2463778e+01  -2.7510378e+00
  -6.9971200e+00   1.4575675e+01   5.2981684e+00
  -2.2451607e+00   1.7514503e+01  -3.4772204e+00
   6.3606184e+00   1.7464666e+01   9.1811449e-01
   3.6541928e+00   1.3727472e+01  -4.0402720e+00
  -1.5773233e+00   1.5411801e+01  -4.0437333e+00
  -3.2894609e-01   1.8600858e+01  -4.6297871e+00
   4.4031935e-01   1.2385695e+01   1.1083995e+00
   5.7638034e+00   1.3227574e+01  -1.6707019e+00
   2.9085132e+00   1.4133871e+01  -4.4234934e+00
   5.2972198e-01   1.9598176e+01  -4.7932740e+00
   6.1574060e+00   1.5978091e+01  -5.9797561e-01
   3.6694662e+00   1.7597508e+01  -4.0307940e+00
   1.4942876e+00   1.3930366e+01  -4.7871532e+00
  -6.2943645e-02   1.3729775e+01  -4.6985719e+00
   2.6193940e+00   1.5522030e+01   7.0245796e+00
  -3.1207099e-01   1.5876021e+01  -4.6346617e+00
   4.6741076e+00   1.7778566e+01  -3.2256982e+00
  -2.6529100e+00   1.6314033e+01   9.1981340e-01
   4.5660567e+00   1.8189253e+01   5.5187325e+00
   2.3366579e+00   1.0003576e+01  -4.6234182e+00
   5.5074358e+00   1.2917151e+01  -2.1476547e+00
   5.2239073e+00   1.9758413e+01  -2.5769108e+00
   4.2889077e+00   1.5220454e+01   5.8051894e+00
